# trial: trial_016.csv
# date: 2026-08-01T17:59:05
# note: armed direction sanity: wheels free, tilt fwd/back, expect wheels chase the fall
# self-balancing-robot fw2 ��� motors DISARMED at boot
# EEPROM settings loaded
# gyro cal: keep robot still...
# gyro cal REJECTED (movement) ��� old bias kept, run 'c' when still
# 'h' for help, 'a' to arm, 'x' = E-STOP
# Kp=25.000 Ki=5.000 Kd=0.500 trim=2.22 db=23/23
time_ms,raw_angle,kalman_angle,gyro_rate,p_term,i_term,d_term,motor_out,loop_dt_us,gyro_y,gyro_z
1519,6.54,6.29,0.37,0.0,0.0,0.0,0,5004,-4.20,-3.18
1540,6.82,6.30,-0.06,0.0,0.0,0.0,0,5004,-4.02,-3.47
1560,6.91,6.31,0.71,0.0,0.0,0.0,0,5000,-3.44,-4.40
1581,6.55,6.34,2.14,0.0,0.0,0.0,0,5004,-3.42,-4.48
1601,6.35,6.40,3.36,0.0,0.0,0.0,0,5000,-2.45,-4.12
1622,6.05,6.47,3.77,0.0,0.0,0.0,0,5004,-1.08,-4.85
1642,6.05,6.55,4.38,0.0,0.0,0.0,0,5000,-1.22,-4.85
1662,5.61,6.62,3.42,0.0,0.0,0.0,0,5004,-3.10,-4.63
1683,5.12,6.61,0.29,0.0,0.0,0.0,0,5004,-4.57,-4.38
1703,5.89,6.57,-1.12,0.0,0.0,0.0,0,5000,-3.69,-4.04
1724,6.70,6.56,0.82,0.0,0.0,0.0,0,5000,-1.45,-3.32
1744,6.99,6.63,4.30,0.0,0.0,0.0,0,5000,-1.32,-3.51
1765,6.81,6.74,5.12,0.0,0.0,0.0,0,5004,-2.20,-4.71
1785,5.99,6.82,3.85,0.0,0.0,0.0,0,5000,-3.61,-4.81
1806,5.86,6.83,1.67,0.0,0.0,0.0,0,5004,-3.79,-3.93
1826,6.49,6.81,-0.24,0.0,0.0,0.0,0,5000,-2.73,-4.28
1847,6.80,6.80,0.33,0.0,0.0,0.0,0,5004,-1.83,-5.18
1867,6.56,6.84,2.87,0.0,0.0,0.0,0,5004,-1.75,-4.75
1888,6.26,6.89,4.30,0.0,0.0,0.0,0,5004,-2.71,-4.55
1908,6.17,6.93,3.30,0.0,0.0,0.0,0,5000,-2.24,-3.91
1928,6.00,6.93,1.73,0.0,0.0,0.0,0,5000,-0.98,-4.30
1948,6.01,6.91,0.57,0.0,0.0,0.0,0,5000,-2.38,-4.95
1969,6.43,6.88,0.04,0.0,0.0,0.0,0,5000,-4.50,-5.18
1989,6.22,6.86,0.94,0.0,0.0,0.0,0,5004,-4.65,-4.89
2010,5.90,6.85,2.08,0.0,0.0,0.0,0,5000,-3.06,-3.79
2030,6.09,6.85,2.26,0.0,0.0,0.0,0,5004,-1.14,-3.34
2051,7.03,6.89,2.16,0.0,0.0,0.0,0,5000,-0.71,-3.47
2071,6.72,6.91,1.65,0.0,0.0,0.0,0,5004,-2.26,-4.73
2092,6.38,6.92,1.30,0.0,0.0,0.0,0,5000,-4.59,-5.32
2112,6.25,6.92,2.20,0.0,0.0,0.0,0,5000,-4.38,-5.06
2132,5.90,6.91,3.12,0.0,0.0,0.0,0,5000,-3.10,-4.14
2153,5.95,6.89,2.02,0.0,0.0,0.0,0,5004,-2.10,-3.83
2173,6.47,6.87,1.20,0.0,0.0,0.0,0,5000,-1.47,-3.73
2194,6.68,6.88,1.57,0.0,0.0,0.0,0,5000,-1.98,-4.22
2214,6.61,6.90,1.98,0.0,0.0,0.0,0,5000,-3.22,-4.93
2235,6.23,6.90,2.49,0.0,0.0,0.0,0,5004,-3.12,-4.93
2255,5.93,6.88,2.20,0.0,0.0,0.0,0,5000,-2.71,-4.08
2276,5.85,6.84,1.81,0.0,0.0,0.0,0,5004,-1.85,-3.67
2296,6.10,6.80,1.83,0.0,0.0,0.0,0,5004,-1.51,-3.79
2317,6.72,6.83,3.08,0.0,0.0,0.0,0,5000,-2.22,-3.73
2337,6.16,6.84,2.89,0.0,0.0,0.0,0,5004,-4.02,-3.83
2358,5.72,6.80,1.10,0.0,0.0,0.0,0,5000,-4.95,-3.81
2378,5.91,6.72,0.24,0.0,0.0,0.0,0,5000,-4.00,-3.02
2399,6.70,6.70,0.73,0.0,0.0,0.0,0,5000,-1.92,-2.89
2419,7.29,6.74,1.85,0.0,0.0,0.0,0,5004,-1.10,-3.79
2440,6.95,6.80,3.18,0.0,0.0,0.0,0,5000,-2.14,-3.89
2460,6.40,6.84,2.71,0.0,0.0,0.0,0,5004,-3.85,-3.51
2480,6.16,6.80,0.96,0.0,0.0,0.0,0,5000,-3.79,-3.77
2500,6.50,6.78,1.08,0.0,0.0,0.0,0,5000,-2.32,-4.12
2521,6.57,6.78,2.61,0.0,0.0,0.0,0,5000,-1.30,-4.61
2541,6.44,6.80,3.26,0.0,0.0,0.0,0,5004,-2.85,-5.77
2562,5.70,6.79,3.22,0.0,0.0,0.0,0,5004,-3.87,-4.79
2582,5.12,6.70,1.92,0.0,0.0,0.0,0,5004,-4.46,-2.10
2603,5.60,6.58,-1.94,0.0,0.0,0.0,0,5004,-3.02,-3.24
2623,6.87,6.49,-3.22,0.0,0.0,0.0,0,5000,-0.69,-4.89
2643,7.66,6.51,0.57,0.0,0.0,0.0,0,5000,0.16,-4.44
2664,7.01,6.62,4.67,0.0,0.0,0.0,0,5000,-1.90,-3.93
2684,6.37,6.70,5.65,0.0,0.0,0.0,0,5004,-3.67,-3.02
2705,6.20,6.73,3.75,0.0,0.0,0.0,0,5000,-1.41,-3.30
2725,6.19,6.72,1.94,0.0,0.0,0.0,0,5000,-0.47,-4.48
2746,6.47,6.70,1.43,0.0,0.0,0.0,0,5000,-2.63,-4.61
2766,6.44,6.69,1.71,0.0,0.0,0.0,0,5004,-3.69,-4.83
2787,5.91,6.66,1.94,0.0,0.0,0.0,0,5004,-3.30,-4.61
2807,5.78,6.61,1.53,0.0,0.0,0.0,0,5000,-2.16,-4.12
2828,6.53,6.58,1.28,0.0,0.0,0.0,0,5000,-1.49,-4.08
2848,6.64,6.60,1.92,0.0,0.0,0.0,0,5000,-1.69,-4.61
2869,6.64,6.62,2.45,0.0,0.0,0.0,0,5000,-2.94,-4.73
2889,6.01,6.62,2.96,0.0,0.0,0.0,0,5004,-3.81,-4.20
2910,5.82,6.60,2.67,0.0,0.0,0.0,0,5004,-3.85,-4.00
2930,5.50,6.54,0.82,0.0,0.0,0.0,0,5000,-2.96,-4.16
2951,6.21,6.48,0.10,0.0,0.0,0.0,0,5004,-2.57,-3.69
2971,6.46,6.43,0.18,0.0,0.0,0.0,0,5004,-3.40,-3.32
2992,7.09,6.45,1.41,0.0,0.0,0.0,0,5000,-3.77,-3.51
3012,6.76,6.48,1.92,0.0,0.0,0.0,0,5004,-3.73,-3.95
3033,6.42,6.48,1.43,0.0,0.0,0.0,0,5004,-4.65,-4.22
3053,6.69,6.48,0.73,0.0,0.0,0.0,0,5000,-3.57,-4.50
3073,6.57,6.48,1.39,0.0,0.0,0.0,0,5004,-1.65,-4.55
3093,6.80,6.52,2.71,0.0,0.0,0.0,0,5004,-1.79,-4.79
3113,6.58,6.57,3.75,0.0,0.0,0.0,0,5004,-2.49,-5.12
3134,5.74,6.58,3.30,0.0,0.0,0.0,0,5004,-3.24,-4.34
3154,5.71,6.51,0.73,0.0,0.0,0.0,0,5000,-3.59,-4.14
3175,6.04,6.42,-0.86,0.0,0.0,0.0,0,5004,-1.79,-4.65
3195,6.88,6.40,0.59,0.0,0.0,0.0,0,5000,-1.14,-3.83
3216,6.76,6.44,2.75,0.0,0.0,0.0,0,5004,-3.20,-4.67
3236,5.96,6.46,3.28,0.0,0.0,0.0,0,5000,-5.54,-5.20
3257,5.57,6.41,1.85,0.0,0.0,0.0,0,5000,-5.32,-4.38
3277,5.51,6.31,0.63,0.0,0.0,0.0,0,5000,-2.24,-3.63
3298,6.26,6.26,1.08,0.0,0.0,0.0,0,5004,0.29,-3.30
3318,6.45,6.28,2.20,0.0,0.0,0.0,0,5000,-1.28,-3.30
3339,6.47,6.31,2.22,0.0,0.0,0.0,0,5000,-4.69,-3.57
3359,6.28,6.31,0.90,0.0,0.0,0.0,0,5000,-5.18,-3.65
3380,6.71,6.29,0.08,0.0,0.0,0.0,0,5000,-3.26,-3.75
3400,6.83,6.29,0.90,0.0,0.0,0.0,0,5000,-1.65,-4.10
3421,6.96,6.35,2.91,0.0,0.0,0.0,0,5004,-1.43,-4.73
3441,6.39,6.42,5.14,0.0,0.0,0.0,0,5000,-2.34,-4.63
# ARMING: hold upright ~2 s
3462,5.50,6.44,4.91,0.0,0.0,0.0,0,5004,-3.73,-3.91
3482,5.16,6.37,1.32,0.0,0.0,0.0,0,5004,-3.93,-3.93
3503,5.50,6.25,-0.96,0.0,0.0,0.0,0,5000,-2.89,-3.83
3523,6.52,6.22,0.51,0.0,0.0,0.0,0,5004,-1.83,-3.87
3544,6.47,6.25,2.59,0.0,0.0,0.0,0,5004,-2.67,-4.06
3564,6.17,6.27,2.47,0.0,0.0,0.0,0,5000,-4.83,-4.30
3585,6.17,6.25,1.16,0.0,0.0,0.0,0,5004,-5.06,-3.81
3605,6.07,6.21,0.31,0.0,0.0,0.0,0,5000,-3.18,-3.83
3625,6.64,6.22,1.28,0.0,0.0,0.0,0,5004,-2.26,-3.97
3646,6.82,6.27,2.94,0.0,0.0,0.0,0,5000,-2.71,-4.12
3666,6.50,6.33,3.18,0.0,0.0,0.0,0,5004,-3.69,-4.12
3687,6.30,6.35,1.24,0.0,0.0,0.0,0,5004,-3.91,-4.87
3707,6.27,6.32,0.33,0.0,0.0,0.0,0,5004,-2.98,-5.52
3728,6.43,6.31,1.77,0.0,0.0,0.0,0,5004,-2.28,-4.97
3748,6.22,6.33,3.83,0.0,0.0,0.0,0,5004,-2.24,-4.50
3769,5.89,6.36,4.42,0.0,0.0,0.0,0,5000,-2.28,-4.61
3789,5.56,6.34,3.18,0.0,0.0,0.0,0,5000,-2.77,-3.44
3810,5.71,6.26,0.20,0.0,0.0,0.0,0,5000,-3.49,-3.59
3830,6.13,6.18,-1.22,0.0,0.0,0.0,0,5004,-3.20,-4.20
3851,6.66,6.18,1.06,0.0,0.0,0.0,0,5000,-3.28,-3.75
3871,6.37,6.19,2.16,0.0,0.0,0.0,0,5000,-4.30,-3.85
3892,6.30,6.19,0.67,0.0,0.0,0.0,0,5004,-4.32,-4.36
3912,6.69,6.20,0.12,0.0,0.0,0.0,0,5000,-3.14,-4.42
3933,6.52,6.23,2.43,0.0,0.0,0.0,0,5000,-3.40,-3.95
3952,6.08,6.27,3.71,0.0,0.0,0.0,0,5000,-4.32,-3.87
3973,5.81,6.27,2.02,0.0,0.0,0.0,0,5000,-3.93,-4.65
3993,5.83,6.22,0.67,0.0,0.0,0.0,0,5004,-2.85,-4.71
4014,5.85,6.16,0.45,0.0,0.0,0.0,0,5000,-3.18,-4.06
4034,6.13,6.13,1.06,0.0,0.0,0.0,0,5000,-3.49,-4.22
4055,6.15,6.13,1.73,0.0,0.0,0.0,0,5000,-3.77,-3.81
4075,6.42,6.14,0.84,0.0,0.0,0.0,0,5000,-3.44,-3.87
4096,7.00,6.14,-0.31,0.0,0.0,0.0,0,5004,-3.02,-4.99
4116,6.96,6.18,1.00,0.0,0.0,0.0,0,5000,-2.81,-5.08
4136,6.43,6.24,3.85,0.0,0.0,0.0,0,5004,-2.96,-4.79
4157,5.72,6.29,5.36,0.0,0.0,0.0,0,5000,-3.08,-4.20
4177,5.25,6.27,3.42,0.0,0.0,0.0,0,5000,-2.20,-4.55
4198,5.45,6.18,0.51,0.0,0.0,0.0,0,5000,-1.63,-4.73
4218,5.83,6.11,-0.53,0.0,0.0,0.0,0,5000,-3.04,-4.04
4239,6.65,6.08,-0.12,0.0,0.0,0.0,0,5000,-5.12,-3.38
4259,7.22,6.11,0.24,0.0,0.0,0.0,0,5004,-5.08,-4.46
4280,7.11,6.18,1.69,0.0,0.0,0.0,0,5000,-3.81,-4.73
4300,6.31,6.24,3.12,0.0,0.0,0.0,0,5004,-3.47,-4.65
4321,5.72,6.23,2.75,0.0,0.0,0.0,0,5004,-3.34,-5.10
4341,5.85,6.21,2.12,0.0,0.0,0.0,0,5004,-1.83,-4.99
4362,5.97,6.19,1.94,0.0,0.0,0.0,0,5004,-1.28,-4.18
4382,5.85,6.16,1.14,0.0,0.0,0.0,0,5000,-3.08,-4.44
4403,5.73,6.10,0.39,0.0,0.0,0.0,0,5000,-5.73,-4.93
4423,6.05,6.06,0.98,0.0,0.0,0.0,0,5004,-3.95,-4.38
4444,6.32,6.08,2.14,0.0,0.0,0.0,0,5004,-0.84,-4.04
4464,6.15,6.11,2.30,0.0,0.0,0.0,0,5004,-0.79,-5.22
4485,6.44,6.15,2.32,0.0,0.0,0.0,0,5000,-2.57,-5.75
4505,5.81,6.14,2.08,0.0,0.0,0.0,0,5000,-3.91,-5.46
4526,5.59,6.10,1.12,0.0,0.0,0.0,0,5004,-3.71,-4.22
4546,5.72,6.04,0.49,0.0,0.0,0.0,0,5000,-2.45,-3.87
4567,6.42,6.02,0.47,0.0,0.0,0.0,0,5004,-2.20,-4.38
4587,6.17,6.02,1.16,0.0,0.0,0.0,0,5000,-2.51,-5.61
4608,6.12,6.03,2.36,0.0,0.0,0.0,0,5004,-3.71,-4.83
4628,6.01,6.04,2.45,0.0,0.0,0.0,0,5000,-3.77,-3.63
4648,5.81,6.01,0.94,0.0,0.0,0.0,0,5000,-3.14,-4.02
4669,5.86,5.96,-0.04,0.0,0.0,0.0,0,5000,-2.87,-4.63
4689,6.19,5.95,1.28,0.0,0.0,0.0,0,5008,-3.26,-4.08
4710,6.16,5.98,2.26,0.0,0.0,0.0,0,5000,-3.22,-4.06
4730,6.11,5.99,1.83,0.0,0.0,0.0,0,5000,-3.06,-4.24
4751,6.03,5.99,1.51,0.0,0.0,0.0,0,5004,-2.47,-3.87
4771,6.03,5.98,1.28,0.0,0.0,0.0,0,5000,-3.04,-4.08
4792,5.90,5.96,1.53,0.0,0.0,0.0,0,5000,-3.44,-4.24
4812,6.07,5.98,2.45,0.0,0.0,0.0,0,5000,-3.16,-3.77
4833,5.92,5.99,2.34,0.0,0.0,0.0,0,5000,-3.36,-3.75
4853,5.81,5.98,1.22,0.0,0.0,0.0,0,5004,-3.36,-3.20
4874,6.43,5.97,0.12,0.0,0.0,0.0,0,5000,-2.26,-3.65
4894,6.82,6.00,1.24,0.0,0.0,0.0,0,5000,-1.53,-4.36
4915,6.75,6.08,3.36,0.0,0.0,0.0,0,5004,-2.06,-5.26
4935,5.92,6.14,4.32,0.0,0.0,0.0,0,5000,-3.59,-5.32
4956,5.18,6.12,3.57,0.0,0.0,0.0,0,5000,-3.12,-4.14
4976,4.81,6.05,2.00,0.0,0.0,0.0,0,5000,-2.10,-3.24
4997,5.64,5.98,0.57,0.0,0.0,0.0,0,5000,-1.69,-3.93
5017,5.66,5.93,0.26,0.0,0.0,0.0,0,5004,-3.22,-4.65
5038,5.46,5.89,1.28,0.0,0.0,0.0,0,5000,-5.03,-3.91
5058,5.63,5.88,2.26,0.0,0.0,0.0,0,5000,-3.69,-2.57
5079,5.56,5.85,1.37,0.0,0.0,0.0,0,5000,-2.24,-2.47
5099,6.33,5.83,-0.02,0.0,0.0,0.0,0,5004,-2.61,-3.14
5118,6.95,5.86,0.12,0.0,0.0,0.0,0,5004,-3.51,-3.32
5139,6.71,5.90,0.49,0.0,0.0,0.0,0,5000,-4.61,-4.38
5159,6.67,5.94,1.45,0.0,0.0,0.0,0,5000,-4.12,-4.75
5180,6.52,6.00,2.53,0.0,0.0,0.0,0,5000,-2.02,-4.42
5200,6.45,6.06,3.49,0.0,0.0,0.0,0,5004,-1.28,-4.97
5221,5.68,6.08,3.42,0.0,0.0,0.0,0,5000,-2.26,-5.38
5241,5.14,6.05,2.91,0.0,0.0,0.0,0,5004,-2.55,-5.36
5262,5.25,6.00,2.85,0.0,0.0,0.0,0,5000,-1.85,-4.22
5282,5.52,5.96,2.02,0.0,0.0,0.0,0,5004,-1.14,-3.81
5303,5.58,5.92,0.69,0.0,0.0,0.0,0,5000,-1.55,-4.57
5323,5.93,5.89,0.53,0.0,0.0,0.0,0,5000,-3.06,-4.53
5344,6.12,5.89,1.77,0.0,0.0,0.0,0,5000,-4.26,-3.42
5364,6.20,5.91,2.30,0.0,0.0,0.0,0,5000,-3.24,-2.77
5385,6.38,5.94,1.90,0.0,0.0,0.0,0,5000,-0.77,-4.16
5405,6.51,5.99,2.43,0.0,0.0,0.0,0,5000,-0.22,-4.93
5426,6.00,6.05,3.61,0.0,0.0,0.0,0,5004,-2.12,-4.63
5446,5.54,6.05,2.87,0.0,0.0,0.0,0,5000,-3.67,-4.38
# ARMED ��� balancing
5467,5.66,5.36,1.65,-78.4,-0.1,0.0,-78,5000,-3.65,-4.24
5488,5.10,5.33,-2.20,-77.7,-0.4,2.5,-75,5004,-3.83,-6.54
5509,4.21,4.79,-14.45,-64.3,-0.7,9.5,-55,5000,-2.10,-9.95
5529,9.38,5.23,1.90,-75.4,-1.0,-8.5,-84,5000,0.55,1.73
5551,5.78,5.36,8.70,-78.5,-1.3,-4.4,-84,5004,-4.83,-3.26
5571,6.87,5.44,-2.22,-80.5,-1.6,-1.0,-83,5000,-4.26,-7.68
5593,9.00,5.62,5.58,-84.9,-2.0,-9.0,-95,5000,1.81,-2.24
5613,6.93,5.84,7.70,-90.4,-2.4,-5.5,-98,5004,1.20,-2.08
5634,6.46,5.85,1.43,-90.7,-2.7,-1.3,-94,5000,-3.59,-8.58
5655,6.20,5.93,5.73,-92.8,-3.1,-2.8,-98,5000,-3.79,-3.77
5676,5.46,5.93,3.97,-92.8,-3.5,-0.4,-96,5000,-2.10,-4.71
5697,7.02,5.85,-0.29,-90.8,-3.9,-1.5,-96,5000,0.35,-5.61
5718,4.76,5.87,0.63,-91.3,-4.3,2.6,-92,5000,-0.98,-2.24
5738,8.33,5.98,4.12,-94.1,-4.7,-6.2,-104,5000,-2.73,-2.47
5760,4.76,5.97,1.22,-93.9,-5.1,2.5,-96,5000,-0.31,-2.79
5780,7.59,5.99,-0.45,-94.2,-5.5,-2.4,-101,5000,-2.75,-4.57
5801,6.57,6.06,2.81,-95.9,-5.8,-1.8,-103,5000,-1.28,-4.12
5822,7.04,6.11,4.79,-97.2,-6.3,-3.6,-107,5000,-2.38,-2.63
5843,6.54,6.15,4.00,-98.3,-6.7,-2.1,-107,5000,-3.47,-4.10
5864,5.90,6.11,0.88,-97.2,-7.1,0.7,-103,5004,-0.18,-6.28
5885,6.89,6.09,1.98,-96.9,-7.5,-1.9,-106,5004,-4.26,-2.71
5906,5.69,6.10,2.30,-96.9,-7.9,0.4,-104,5004,-4.99,-4.42
5926,6.97,6.16,4.18,-98.5,-8.3,-3.1,-109,5004,-2.63,-3.20
5948,7.00,6.14,-0.33,-98.0,-8.7,-0.9,-107,5004,-2.85,-4.44
5968,6.04,6.04,0.43,-95.4,-9.1,0.5,-104,5004,-1.35,-2.14
5990,7.55,6.06,0.35,-96.1,-9.5,-2.5,-108,5000,-3.38,-3.55
6010,7.90,6.18,2.81,-99.1,-9.9,-4.3,-113,5004,-5.97,-5.71
6032,7.10,6.29,3.93,-101.7,-10.3,-3.0,-115,5004,-2.87,-3.14
6052,6.17,6.19,-2.26,-99.2,-10.8,1.8,-108,5000,-2.47,-6.36
6074,6.69,6.17,0.29,-98.7,-11.2,-0.6,-110,5000,-0.71,-2.96
6094,6.43,6.24,3.22,-100.5,-11.6,-1.4,-113,5004,-2.98,-3.42
6116,6.65,6.29,2.63,-101.9,-12.0,-1.4,-115,5000,-5.22,-6.30
6136,5.27,6.21,2.32,-99.7,-12.4,1.4,-110,5004,-5.30,-4.99
6158,5.55,6.18,1.22,-99.0,-12.9,1.4,-110,5004,-3.26,-5.42
6178,5.46,6.11,0.65,-97.2,-13.3,1.7,-108,5000,-4.08,-4.57
6200,6.48,6.10,2.24,-96.9,-13.7,-1.2,-111,5000,-2.71,-2.22
6220,6.62,6.12,2.02,-97.5,-14.1,-1.3,-112,5004,-3.22,-3.95
6242,7.33,6.06,0.00,-95.9,-14.5,-1.8,-112,5000,-3.12,-4.46
6262,6.23,6.07,1.77,-96.3,-14.9,-0.5,-111,5004,-3.18,-3.53
6284,6.72,6.11,1.65,-97.2,-15.3,-1.4,-113,5000,-2.04,-4.55
6304,4.73,6.17,3.30,-98.7,-15.7,2.0,-112,5000,0.16,-5.87
6326,5.28,6.07,0.39,-96.2,-16.1,2.2,-110,5000,-0.43,-4.77
6346,7.58,6.11,2.59,-97.3,-16.5,-3.6,-117,5004,-4.48,-3.59
6368,6.68,6.21,3.18,-99.7,-16.9,-1.9,-118,5000,-7.01,-2.06
6388,5.74,6.16,-10.50,-98.4,-17.4,6.8,-108,5000,-10.50,-10.50
6410,6.05,6.11,2.12,-97.3,-17.8,-0.2,-115,5004,-3.53,-3.61
6430,8.13,6.08,-0.45,-96.6,-18.2,-3.3,-118,5004,-5.97,-5.46
6452,5.45,6.13,4.71,-97.8,-18.6,-0.3,-116,5004,-7.42,-3.26
6472,4.52,6.15,3.40,-98.3,-19.0,2.3,-114,5004,-5.75,-4.95
6494,5.06,6.04,1.47,-95.6,-19.4,2.0,-112,5000,-2.38,-4.77
6514,5.14,6.06,0.69,-95.9,-19.8,2.3,-113,5000,-1.10,-4.28
6536,5.25,6.02,0.24,-94.9,-20.2,2.2,-112,5000,-3.38,-2.94
6556,5.46,6.00,-0.59,-94.5,-20.6,2.1,-112,5004,-4.95,-5.16
6578,4.60,5.95,1.10,-93.1,-21.0,3.0,-111,5000,-3.40,-5.34
6598,4.67,5.91,1.45,-92.3,-21.4,2.6,-111,5004,-2.32,-4.14
6620,6.01,5.96,2.51,-93.6,-21.8,-0.6,-115,5004,-2.73,-3.18
6640,6.74,6.00,2.02,-94.5,-22.2,-1.8,-118,5004,-4.20,-4.36
6662,6.11,5.90,-2.28,-92.1,-22.6,1.5,-113,5000,-5.50,-3.53
6682,8.69,5.83,-1.04,-90.2,-22.9,-4.5,-117,5000,-3.97,-4.81
6704,6.20,5.86,3.59,-91.0,-23.3,-1.7,-116,5004,-6.24,-2.28
6724,7.02,5.98,5.32,-94.0,-23.7,-4.1,-121,5004,-5.89,-4.73
6746,5.20,5.99,4.91,-94.3,-24.1,-0.1,-118,5000,-4.55,-5.03
6766,4.94,5.97,2.18,-93.8,-24.5,1.8,-116,5000,-4.10,-2.89
6788,6.46,5.88,-3.55,-91.4,-24.9,1.4,-114,5000,-4.20,-4.36
6808,5.32,5.79,-0.59,-89.2,-25.3,2.0,-112,5000,-2.89,-4.26
6830,5.20,5.83,3.97,-90.3,-25.6,0.1,-115,5004,-2.18,-1.16
6850,4.87,5.96,6.87,-93.5,-26.0,-0.4,-119,5000,-1.18,-4.91
6872,4.29,5.90,3.61,-92.1,-26.4,2.3,-116,5000,0.51,-4.10
6892,4.92,5.83,1.39,-90.3,-26.8,2.0,-115,5004,1.12,-2.55
6914,5.62,5.78,-1.08,-89.0,-27.2,1.7,-114,5000,1.45,-3.08
6934,4.85,5.75,-1.79,-88.2,-27.5,3.6,-112,5000,0.84,-7.58
6956,5.25,5.81,0.77,-89.7,-27.9,1.6,-116,5004,-4.97,-4.73
6976,5.94,5.83,3.06,-90.2,-28.3,-0.9,-119,5004,-6.07,-4.89
6998,3.12,5.84,5.10,-90.6,-28.7,3.9,-115,5004,-2.79,-2.38
7018,5.98,5.83,1.79,-90.2,-29.1,-0.4,-119,5000,-1.77,-5.69
7040,4.48,5.90,4.14,-92.0,-29.4,1.7,-119,5000,0.61,-2.83
7060,6.22,5.96,1.53,-93.5,-29.8,-0.5,-123,5000,-0.67,-5.36
7081,6.18,5.78,-1.18,-88.9,-30.2,0.7,-118,5000,-5.63,-7.83
7102,7.85,5.75,2.59,-88.4,-30.6,-4.7,-123,5000,-6.50,-1.57
7123,6.21,5.75,-0.12,-88.2,-30.9,0.0,-119,5004,-3.20,-7.46
7144,4.69,5.74,-0.08,-88.0,-31.3,3.1,-116,5000,0.63,-5.42
7165,4.32,5.74,2.85,-88.0,-31.7,2.4,-117,5000,-3.26,-1.10
7186,5.82,5.84,1.83,-90.5,-32.1,-0.0,-122,5004,-6.83,-4.10
7206,5.44,5.79,-1.53,-89.4,-32.4,2.3,-119,5004,-7.26,-6.18
7228,6.06,5.77,1.45,-88.9,-32.8,-0.4,-122,5000,-6.40,-3.79
7248,3.69,5.71,2.49,-87.2,-33.2,3.8,-116,5000,-5.50,-4.12
7270,6.51,5.69,-1.16,-86.9,-33.5,-0.2,-120,5000,-5.52,-4.04
7290,6.22,5.74,3.04,-87.9,-33.9,-1.7,-123,5004,-4.48,-3.24
7312,5.94,5.83,2.53,-90.2,-34.3,-0.7,-125,5000,-4.32,-4.83
7332,3.92,5.75,2.36,-88.3,-34.7,3.4,-119,5000,-1.04,-4.48
7354,4.37,5.73,-0.04,-87.6,-35.0,3.6,-119,5000,-1.61,-3.51
7374,5.69,5.75,2.18,-88.2,-35.4,-0.1,-123,5004,-0.49,-2.63
7396,4.57,5.68,-1.65,-86.5,-35.8,4.0,-118,5004,-1.81,-4.69
7416,5.24,5.71,-0.35,-87.2,-36.1,2.0,-121,5000,-1.65,-2.69
7438,5.65,5.70,-0.86,-86.9,-36.5,1.4,-122,5004,-4.00,-5.56
7458,5.81,5.73,2.85,-87.9,-36.9,-0.8,-125,5000,-3.81,-3.28
7480,6.42,5.71,3.28,-87.3,-37.2,-2.2,-126,5000,-3.16,-4.65
7500,8.12,5.75,1.30,-88.2,-37.6,-4.7,-130,5004,-5.26,-5.44
7522,6.81,5.85,3.32,-90.8,-38.0,-2.9,-131,5000,-4.97,-3.67
7542,5.48,5.89,0.45,-91.7,-38.4,1.3,-128,5000,-5.26,-6.38
7564,6.19,5.82,1.14,-89.9,-38.7,-0.6,-129,5000,-1.24,-7.28
7584,5.80,5.91,7.58,-92.1,-39.1,-2.8,-134,5004,1.73,-3.12
7606,5.81,5.94,2.12,-93.0,-39.5,-0.0,-132,5004,-3.44,-6.89
7626,7.75,5.91,3.71,-92.3,-39.9,-4.8,-136,5000,-3.00,-4.69
7648,4.90,5.80,3.18,-89.5,-40.3,1.1,-128,5000,0.02,-2.79
7668,5.38,5.77,-2.51,-88.8,-40.6,2.9,-126,5004,-1.28,-6.11
7690,6.13,5.76,1.92,-88.6,-41.0,-0.8,-130,5000,-1.16,-5.67
7710,5.04,5.76,1.79,-88.4,-41.4,1.4,-128,5000,-8.21,-1.10
7732,6.25,5.67,-1.43,-86.2,-41.8,0.4,-127,5004,-4.28,-3.65
7752,4.26,5.70,1.39,-87.0,-42.1,3.1,-125,5000,-0.75,-3.55
7774,5.45,5.67,0.14,-86.1,-42.5,1.3,-127,5004,-2.14,-4.06
7794,4.89,5.67,3.97,-86.3,-42.9,0.5,-128,5000,-3.30,-3.32
7816,6.57,5.70,0.71,-86.9,-43.2,-1.2,-131,5004,-7.13,-3.73
7836,8.36,5.70,0.39,-87.1,-43.6,-4.8,-135,5000,-2.06,-2.26
7858,4.44,5.69,-3.53,-86.8,-43.9,5.2,-125,5004,-3.08,-3.91
7878,7.11,5.60,-0.18,-84.6,-44.3,-2.1,-130,5000,-4.65,-6.54
7900,5.74,5.70,4.55,-86.9,-44.7,-1.5,-133,5004,-5.32,-2.57
7920,6.07,5.72,4.10,-87.4,-45.0,-1.9,-134,5004,-5.16,-6.75
7942,3.91,5.62,2.85,-84.9,-45.4,3.0,-127,5000,1.69,-0.31
7962,5.75,5.66,1.00,-86.0,-45.8,0.2,-131,5000,1.59,-3.93
7984,7.35,5.59,-1.02,-84.3,-46.1,-2.2,-132,5004,-2.04,-5.99
8004,5.04,5.55,1.57,-83.3,-46.5,1.2,-128,5004,-2.83,-1.35
8026,5.58,5.58,2.30,-84.1,-46.8,-0.2,-131,5000,-3.10,-2.10
8046,4.39,5.62,1.75,-85.0,-47.2,2.5,-129,5000,1.47,-3.85
8068,5.70,5.73,5.77,-87.9,-47.5,-1.9,-137,5004,-4.02,-1.96
8088,4.75,5.63,2.06,-85.2,-47.9,1.7,-131,5004,-2.53,-4.16
8110,3.68,5.52,-4.32,-82.4,-48.2,6.9,-123,5000,0.65,-3.61
8130,7.36,5.55,-0.33,-83.2,-48.6,-2.6,-134,5000,3.75,-1.71
8152,8.36,5.67,1.14,-86.2,-48.9,-5.3,-140,5000,0.75,-3.16
8172,5.55,5.67,-1.61,-86.2,-49.3,1.8,-133,5004,-3.34,-4.59
8194,6.38,5.58,-0.96,-83.9,-49.7,-0.4,-133,5000,-1.16,-7.60
8214,6.50,5.76,6.52,-88.5,-50.0,-4.0,-142,5000,-3.79,-1.12
8236,3.74,5.62,-3.14,-85.1,-50.4,6.2,-129,5004,0.10,-5.34
8256,4.89,5.50,-5.56,-82.0,-50.7,4.8,-127,5000,4.97,-7.32
8278,6.85,5.21,-8.05,-74.7,-51.1,1.5,-124,5000,1.63,-3.83
8298,4.29,1.98,-18.41,6.0,-51.1,6.9,-38,5000,4.50,-6.36
8320,1.05,2.33,-6.32,-2.8,-51.1,7.9,-45,5000,3.97,14.49
8340,0.93,1.65,-31.88,14.2,-51.1,19.7,-17,5000,-0.84,-22.36
8361,4.22,0.95,-30.37,31.8,-51.0,10.7,-8,5004,0.61,-10.76
8382,4.11,0.74,-11.94,37.0,-50.9,1.1,-12,5000,-5.75,13.25
8403,1.40,0.34,-22.58,47.0,-50.7,11.1,7,5004,-9.74,-0.06
8424,11.64,0.22,-6.24,49.9,-50.5,-18.4,-19,5004,-6.34,-6.34
8445,7.49,0.29,-3.83,48.4,-50.2,-11.2,-13,5000,-9.01,-4.22
8466,1.86,0.33,-1.51,47.3,-50.0,-0.8,-3,5004,-5.14,-10.58
8487,3.54,0.47,3.57,43.7,-49.8,-6.6,-12,5000,1.28,-4.04
8508,1.34,0.46,4.65,44.0,-49.7,-2.6,-8,5004,3.16,0.51
8529,1.57,0.47,-4.04,43.8,-49.5,1.2,-4,5000,0.02,-7.07
8550,2.78,0.35,-5.46,46.8,-49.3,-0.8,-3,5004,-5.18,-7.40
8570,0.86,0.56,4.14,41.5,-49.1,-1.4,-8,5004,-7.73,-1.37
8592,1.18,0.69,3.06,38.4,-48.9,-1.3,-11,5004,-6.87,-6.67
8612,1.42,0.71,1.77,37.7,-48.8,-1.1,-12,5000,-1.24,-5.40
8634,-2.35,0.59,-3.85,40.7,-48.6,9.2,1,5004,2.12,-4.28
8654,3.00,0.73,0.20,37.3,-48.5,-3.6,-14,5004,-1.77,1.20
8675,2.94,1.00,6.28,30.6,-48.3,-6.1,-23,5000,-2.75,-2.20
8696,2.79,1.17,4.53,26.3,-48.2,-4.6,-26,5000,-2.51,-6.42
8717,-1.00,1.21,1.77,25.3,-48.1,4.6,-18,5000,-3.28,-5.48
8738,2.00,1.14,-2.59,27.1,-48.0,0.5,-20,5000,-3.85,-1.00
8759,2.70,1.31,-0.73,22.6,-47.9,-1.6,-26,5000,-2.10,-2.24
8780,3.10,1.51,4.44,17.7,-47.8,-4.7,-34,5000,-2.08,-7.93
8801,2.30,1.61,7.01,15.2,-47.7,-4.2,-36,5004,-2.20,-4.53
8821,0.56,1.63,4.46,14.8,-47.7,0.7,-32,5000,-1.30,-3.04
8843,1.30,1.66,3.20,13.9,-47.6,-0.1,-33,5000,-0.63,-2.55
8863,1.75,1.74,4.26,12.0,-47.6,-1.4,-36,5000,-2.63,-3.44
8885,0.83,1.74,1.35,11.9,-47.5,2.0,-33,5004,-5.63,-4.50
8905,2.12,1.75,0.18,11.8,-47.5,-0.1,-35,5000,-4.30,-4.69
8927,2.43,1.74,0.65,12.0,-47.4,-1.0,-36,5004,-3.85,-4.89
8947,2.20,1.79,2.41,10.7,-47.4,-1.3,-38,5004,-4.44,-3.53
8968,2.30,1.91,5.18,7.8,-47.3,-2.7,-42,5004,-3.16,-3.24
8989,1.20,2.01,6.28,5.1,-47.3,-0.8,-42,5004,-1.04,-2.22
9010,1.34,2.04,2.22,4.6,-47.3,1.0,-41,5004,-2.51,-3.10
9031,2.26,1.93,-3.59,7.2,-47.3,1.9,-38,5000,-3.36,-4.34
9052,3.00,1.92,-2.26,7.5,-47.2,-0.4,-40,5000,-4.08,-3.85
9072,3.77,2.07,4.53,3.7,-47.2,-5.1,-48,5004,-3.79,-2.08
9094,2.77,2.32,10.01,-2.6,-47.2,-5.4,-55,5000,-3.73,-2.45
9114,0.65,2.49,10.88,-6.7,-47.2,-1.1,-55,5000,-2.71,-2.81
9136,1.30,2.57,8.26,-8.8,-47.3,-0.9,-56,5000,-0.86,-2.02
9156,2.06,2.72,8.97,-12.5,-47.3,-2.5,-62,5000,-0.14,0.14
9178,3.74,2.90,6.73,-17.0,-47.4,-4.5,-68,5004,-2.49,-2.96
9198,3.24,2.99,6.16,-19.2,-47.5,-3.0,-69,5000,-1.71,-5.58
9219,3.30,3.15,8.93,-23.2,-47.6,-4.2,-74,5000,-3.18,-1.65
9240,3.85,3.43,13.09,-30.2,-47.7,-6.8,-84,5000,-2.65,-1.65
9261,2.33,3.48,6.20,-31.5,-47.8,-0.1,-79,5000,-2.12,-6.62
9282,4.12,3.72,12.96,-37.6,-47.9,-6.7,-92,5000,-1.67,-0.65
9303,3.96,4.04,16.25,-45.5,-48.1,-7.4,-100,5000,-0.41,2.06
9324,3.81,4.19,7.77,-49.3,-48.3,-2.5,-100,5000,-4.22,-4.89
9345,4.37,4.25,5.14,-50.8,-48.5,-2.2,-101,5004,-2.73,-6.81
9366,4.13,4.38,9.70,-54.0,-48.8,-3.7,-106,5004,-1.94,0.71
9387,7.09,4.59,9.99,-59.3,-49.0,-9.5,-117,5004,0.22,-1.75
9408,1.79,4.73,6.32,-62.7,-49.3,3.5,-108,5000,-3.59,-7.32
9428,4.36,4.81,6.64,-64.7,-49.5,-1.8,-116,5004,-5.75,-5.97
9450,5.16,5.02,10.01,-70.1,-49.8,-4.7,-124,5000,-2.61,-4.20
9470,4.52,5.23,12.33,-75.3,-50.1,-4.1,-129,5000,-1.06,-6.38
9492,5.14,5.60,16.39,-84.6,-50.5,-6.7,-141,5004,0.53,-6.62
9513,5.94,6.10,21.99,-96.9,-50.9,-10.1,-157,5000,-0.88,-7.20
9534,5.46,6.71,30.29,-112.2,-51.3,-12.1,-175,5004,-0.20,-7.03
9555,5.09,7.32,25.76,-127.4,-51.8,-7.8,-187,5000,2.16,-10.27
9576,5.97,7.65,14.82,-135.8,-52.4,-3.4,-191,5000,2.34,-10.66
9597,4.71,7.74,10.91,-138.0,-53.0,1.4,-189,5000,3.20,-6.87
9619,4.05,7.57,5.63,-133.7,-53.5,5.2,-182,5004,-3.04,-1.73
9639,8.35,7.64,0.65,-135.5,-54.1,-1.0,-190,5000,-6.03,-3.93
9661,8.53,7.78,-1.75,-139.0,-54.7,0.0,-193,5000,-4.57,-0.98
9681,9.46,7.88,7.22,-141.6,-55.3,-6.2,-203,5004,-0.26,-1.47
9703,8.01,7.96,7.24,-143.4,-55.9,-3.0,-202,5000,2.18,-3.26
9723,6.48,8.12,8.28,-147.6,-56.5,-0.1,-204,5000,-0.84,-2.69
9745,5.56,8.38,8.66,-154.0,-57.1,2.1,-209,5000,-4.38,-4.34
9765,7.96,8.32,-4.10,-152.5,-57.8,3.4,-206,5004,-2.32,-11.41
9787,8.52,8.26,5.63,-151.1,-58.4,-2.7,-212,5004,-3.14,-0.12
9808,10.35,8.49,2.14,-156.8,-59.1,-4.3,-220,5000,-6.16,-3.08
9829,6.63,8.44,2.34,-155.6,-59.7,3.1,-212,5000,-3.85,-3.63
9850,6.48,8.35,0.79,-153.2,-60.4,4.1,-209,5004,-1.71,-5.08
9871,9.05,8.54,2.91,-157.9,-61.0,-1.9,-220,5000,1.02,-4.34
9892,8.62,5.60,-0.20,-84.5,-61.5,-3.9,-149,5000,-0.14,-4.97
9913,11.92,5.68,2.81,-86.5,-61.9,-12.1,-160,5000,-6.77,-6.36
9934,7.94,6.30,12.21,-102.0,-62.3,-7.6,-171,5000,-6.36,1.00
9955,7.03,6.24,-14.11,-100.6,-62.8,7.3,-156,5000,-3.81,-16.94
9976,15.10,6.47,0.92,-106.2,-63.2,-16.6,-185,5000,-5.38,-4.61
9998,8.14,6.72,5.44,-112.6,-63.6,-4.2,-180,5004,-8.79,-0.10
10018,7.22,6.73,-0.65,-112.7,-64.1,0.7,-176,5000,-8.66,-10.84
10040,7.76,6.64,-1.26,-110.5,-64.6,-0.3,-175,5004,-1.85,-5.97
10061,3.96,6.61,2.73,-109.8,-65.1,5.5,-169,5004,1.04,4.02
10082,5.81,6.47,-3.20,-106.2,-65.5,4.4,-167,5004,-3.53,-5.69
10103,9.29,6.31,-4.69,-102.4,-65.9,-2.3,-170,5000,-1.77,-10.31
10124,5.02,6.30,-4.24,-102.0,-66.4,6.1,-162,5004,-0.84,-2.49
10145,7.01,6.29,-13.82,-101.7,-66.8,6.7,-161,5004,-6.46,-11.50
10167,10.71,6.27,-8.23,-101.3,-67.2,-3.9,-172,5004,-7.99,-4.75
10187,10.05,6.32,-8.30,-102.5,-67.7,-2.5,-172,5004,-7.32,-5.26
10209,10.91,6.55,-7.91,-108.2,-68.1,-4.3,-180,5000,-2.34,-8.03
10230,7.90,6.65,-5.10,-110.9,-68.6,0.5,-178,5000,-0.02,-7.24
10251,3.44,5.77,-83.84,-88.9,-69.0,47.4,-110,5004,-83.84,-83.84
10272,4.19,5.46,-16.75,-81.1,-69.4,11.7,-138,5004,-3.75,-3.42
10294,6.70,5.15,-15.17,-73.1,-69.7,5.0,-137,5004,-0.98,-5.69
10314,8.70,5.09,-4.14,-71.7,-70.0,-4.8,-146,5000,4.40,-2.16
10336,4.93,5.08,-10.80,-71.6,-70.3,6.2,-135,5000,-2.34,-6.46
10356,3.19,4.79,-12.82,-64.3,-70.6,10.2,-124,5004,-5.12,-13.00
10378,7.60,4.64,-1.49,-60.4,-70.8,-4.8,-136,5004,-3.16,-6.50
10399,2.64,4.51,-4.93,-57.2,-71.1,6.8,-121,5004,-1.30,-3.89
10420,4.03,4.27,-7.11,-51.2,-71.3,4.6,-117,5000,-3.08,-7.26
10441,2.24,4.09,-3.57,-46.8,-71.5,6.2,-112,5000,-3.51,-6.16
10462,1.45,3.95,-1.98,-43.3,-71.7,6.7,-108,5000,-1.08,-3.49
10483,1.11,3.61,-11.90,-34.7,-71.9,11.8,-94,5000,0.65,-9.82
10504,2.95,3.32,-13.35,-27.6,-72.0,8.1,-91,5000,-3.08,-7.50
10525,2.88,3.03,-10.05,-20.2,-72.1,6.0,-86,5004,-3.63,-1.92
10546,3.20,2.93,-5.56,-17.7,-72.2,2.9,-86,5004,-5.46,0.79
10567,2.94,2.75,-8.68,-13.1,-72.2,4.7,-80,5004,-6.24,-2.06
10588,4.86,2.68,-5.42,-11.6,-72.3,-1.1,-84,5000,-7.26,-4.46
10609,1.90,2.68,-2.51,-11.5,-72.3,3.4,-80,5004,-4.38,-3.55
10630,1.55,2.68,1.22,-11.6,-72.4,2.3,-81,5000,-4.65,-3.10
10651,3.25,2.75,1.92,-13.3,-72.4,-1.4,-87,5000,-3.36,-2.26
10672,2.98,2.74,-1.43,-12.9,-72.5,0.7,-84,5004,1.47,-6.62
10693,0.45,2.60,-4.20,-9.5,-72.5,7.1,-74,5000,-2.71,-7.05
10714,1.01,2.38,-6.03,-4.1,-72.6,6.4,-70,5004,-7.13,-5.26
10735,3.44,2.26,-1.73,-1.1,-72.6,-0.9,-74,5000,-4.42,-2.22
10756,4.05,2.32,1.39,-2.4,-72.6,-3.7,-78,5004,-0.45,-3.32
10777,3.42,2.47,4.40,-6.2,-72.6,-3.6,-82,5004,0.71,-4.69
10798,0.54,2.58,5.24,-9.1,-72.6,2.1,-79,5000,-1.59,-3.83
10819,1.51,2.57,1.92,-8.6,-72.7,1.8,-79,5000,-3.32,-5.30
10840,2.60,2.52,1.94,-7.6,-72.7,-0.5,-80,5004,-3.36,-2.67
10860,1.40,2.42,-1.24,-5.1,-72.7,3.3,-74,5004,-3.79,-5.24
10882,2.92,2.41,1.18,-4.7,-72.7,-1.0,-78,5004,-2.14,-3.22
10902,4.18,2.58,5.38,-9.0,-72.8,-5.4,-87,5000,-0.59,-2.14
10924,2.52,2.71,4.36,-12.1,-72.8,-1.3,-86,5004,-3.53,-6.09
10944,1.22,2.71,1.51,-12.3,-72.9,2.8,-82,5004,-4.83,-6.30
10966,1.40,2.59,0.47,-9.1,-72.9,2.8,-79,5004,-3.65,-5.83
10986,3.80,2.54,-2.02,-8.1,-73.0,-1.0,-81,5000,-4.55,-3.42
11008,1.90,2.60,1.81,-9.5,-73.0,1.1,-81,5000,-4.38,-5.95
11028,2.09,2.65,5.54,-10.7,-73.0,-1.1,-84,5000,-4.71,-4.85
11049,2.92,2.65,4.28,-10.7,-73.1,-2.1,-85,5000,-3.69,-3.73
11070,0.86,2.48,-1.06,-6.6,-73.1,4.6,-75,5004,-3.18,-3.40
11091,1.46,2.39,-4.12,-4.3,-73.1,4.7,-72,5004,-4.65,-3.53
11112,3.31,2.48,0.47,-6.5,-73.2,-1.3,-81,5004,-5.08,-5.93
11133,2.74,2.52,3.16,-7.4,-73.2,-1.4,-82,5004,-5.32,-7.95
11154,2.27,2.48,2.22,-6.4,-73.2,-0.0,-79,5004,-3.61,-5.77
11174,2.38,2.31,-3.42,-2.2,-73.2,2.3,-73,5000,-1.90,-3.24
11196,2.90,2.23,-3.79,-0.1,-73.2,1.2,-72,5004,-1.26,-4.30
11216,3.47,2.28,-0.24,-1.6,-73.2,-1.7,-76,5000,-3.51,-5.18
11238,2.09,2.39,5.97,-4.4,-73.3,-1.8,-79,5004,-4.97,-5.40
11258,-1.13,2.36,4.00,-3.4,-73.3,5.8,-70,5004,-4.36,-5.58
11280,-0.08,2.26,0.51,-0.9,-73.3,5.2,-69,5000,-2.10,-5.06
11300,1.71,2.11,-2.51,2.8,-73.3,2.8,-67,5004,-2.14,-4.02
11322,3.09,1.98,-5.03,6.0,-73.3,1.0,-66,5000,-2.73,-6.18
11342,4.55,1.89,-4.30,8.2,-73.2,-2.6,-67,5004,-1.63,-7.44
11363,2.53,1.95,3.02,6.7,-73.2,-2.0,-68,5000,-0.84,-4.59
11384,2.32,2.03,4.50,4.8,-73.2,-2.2,-70,5004,-3.30,-6.46
11405,1.50,2.08,5.75,3.5,-73.1,-1.0,-70,5004,-4.36,-5.38
11426,-0.90,2.02,5.08,5.0,-73.1,4.2,-63,5004,-1.77,-2.77
11447,1.22,1.97,2.49,6.3,-73.1,1.1,-65,5004,-1.37,-0.75
11468,0.79,1.86,-2.49,9.1,-73.1,4.3,-59,5004,-2.20,-5.20
11489,2.45,1.76,-2.65,11.6,-73.0,0.8,-60,5004,-3.16,-5.58
11510,2.46,1.73,0.51,12.3,-73.0,-0.9,-61,5000,-5.08,-1.24
11531,3.22,1.81,2.71,10.2,-72.9,-3.5,-66,5000,-5.79,-4.57
11552,2.82,1.84,2.41,9.5,-72.9,-2.5,-65,5000,-5.10,-6.26
11573,1.91,1.85,1.49,9.3,-72.8,-0.1,-63,5000,-2.59,-6.42
11593,2.93,1.93,5.24,7.3,-72.8,-3.9,-69,5004,-1.90,-2.75
11615,0.29,1.97,6.24,6.3,-72.8,1.1,-65,5000,-2.22,-1.92
11635,1.15,1.89,4.26,8.1,-72.8,0.2,-64,5004,-1.96,-3.53
11657,1.61,1.90,5.08,7.9,-72.7,-1.1,-65,5000,0.00,-2.77
11677,0.98,1.89,2.71,8.3,-72.7,1.4,-63,5000,-1.20,-3.36
11699,0.56,1.81,-2.69,10.3,-72.6,4.8,-57,5000,-4.02,-5.24
11719,2.37,1.78,0.33,11.0,-72.6,-0.5,-62,5000,-4.65,-3.20
11741,2.98,1.95,5.81,6.8,-72.6,-4.2,-69,5004,-1.71,-1.73
11761,3.34,2.08,6.18,3.6,-72.5,-4.9,-73,5004,-0.84,-3.93
11782,2.10,2.07,2.55,3.8,-72.5,-0.5,-69,5000,-0.84,-6.16
11803,2.88,2.15,4.93,1.8,-72.5,-3.2,-73,5000,-2.22,-1.75
11824,2.33,2.20,3.34,0.6,-72.5,-1.1,-73,5000,-4.12,-4.02
11845,2.21,2.17,1.14,1.2,-72.5,0.2,-71,5004,-3.75,-5.61
11866,2.03,2.22,4.79,-0.1,-72.5,-1.2,-73,5004,-2.98,-3.30
11887,2.21,2.21,2.10,0.2,-72.5,-0.2,-72,5004,-2.87,-4.00
11908,1.81,2.12,0.14,2.5,-72.5,1.4,-68,5004,-1.98,-5.73
11929,3.14,2.11,0.88,2.7,-72.5,-1.7,-71,5004,-1.96,-4.65
11950,1.58,2.11,2.26,2.9,-72.5,0.8,-68,5004,-3.20,-3.14
11970,2.49,2.13,2.22,2.3,-72.5,-1.0,-71,5000,-3.04,-4.00
11992,2.13,2.17,4.10,1.2,-72.5,-1.1,-72,5000,-3.65,-3.69
12012,1.45,2.12,1.18,2.4,-72.5,1.7,-68,5000,-2.87,-4.42
12034,1.73,2.05,-1.69,4.3,-72.4,2.4,-65,5000,-1.32,-4.24
12054,3.30,2.05,-1.26,4.1,-72.4,-1.0,-69,5004,-2.36,-5.77
12076,2.42,2.00,0.98,5.5,-72.4,-0.5,-67,5000,-4.67,-5.97
12096,2.90,2.04,2.96,4.5,-72.4,-2.4,-70,5004,-5.03,-3.61
12118,1.13,2.05,2.36,4.3,-72.4,1.5,-66,5004,-2.28,-5.16
12138,1.49,2.03,0.77,4.7,-72.3,1.6,-66,5004,-0.71,-4.67
12158,2.15,1.95,-1.83,6.7,-72.3,1.4,-64,5000,-1.37,-4.26
12180,3.52,1.90,-1.90,7.9,-72.3,-1.5,-65,5000,-3.08,-4.97
12200,3.40,1.91,2.83,7.7,-72.3,-3.6,-68,5000,-2.00,-3.32
12222,1.53,1.93,2.87,7.3,-72.2,0.2,-64,5004,-2.71,-6.28
12242,1.18,1.97,5.03,6.3,-72.2,-0.1,-65,5004,-0.51,-4.89
12264,0.43,2.02,7.70,4.9,-72.2,0.3,-66,5000,-0.84,-0.77
12284,0.70,2.01,2.51,5.2,-72.2,2.4,-64,5000,-2.63,-2.83
12305,0.75,1.90,-2.38,8.0,-72.1,4.5,-59,5004,-2.10,-5.79
12326,2.96,1.89,0.08,8.4,-72.1,-1.3,-65,5004,-2.16,-3.30
12347,2.56,1.97,4.95,6.4,-72.1,-2.8,-68,5004,-3.20,-2.10
12368,2.39,2.06,4.93,4.1,-72.0,-2.3,-70,5000,-4.00,-4.99
12389,1.73,2.04,0.86,4.6,-72.0,1.1,-66,5000,-2.81,-5.03
12410,3.04,1.98,-1.57,5.9,-72.0,-0.5,-66,5000,-1.69,-3.59
12431,2.60,2.02,2.20,4.9,-72.0,-1.4,-68,5000,-0.75,-2.00
12451,3.37,2.12,4.04,2.5,-72.0,-3.7,-73,5000,-3.18,-5.20
12473,2.04,2.12,4.04,2.4,-71.9,-1.0,-70,5000,-3.69,-3.38
12493,1.36,2.13,2.30,2.2,-71.9,1.3,-68,5004,-2.32,-2.45
12515,3.37,2.13,1.67,2.2,-71.9,-2.5,-72,5000,-0.77,-4.28
12535,2.56,2.14,2.34,2.1,-71.9,-1.2,-70,5004,-0.43,-5.89
12557,3.36,2.22,6.28,0.1,-71.9,-4.6,-76,5004,-2.14,-3.57
12577,2.76,2.27,5.87,-1.2,-71.9,-3.1,-76,5000,-5.18,-4.75
12599,0.89,2.16,2.12,1.5,-71.9,2.5,-67,5004,-4.04,-4.40
12619,3.05,2.09,0.04,3.3,-71.9,-1.0,-69,5000,-2.38,-4.04
12640,3.50,2.10,1.94,3.0,-71.9,-2.9,-71,5004,-1.61,-3.12
12661,4.48,2.18,2.00,1.0,-71.9,-4.8,-75,5000,-2.53,-3.67
12682,3.42,2.26,4.10,-0.9,-71.9,-3.5,-76,5004,-2.04,-2.79
12703,2.04,2.31,2.71,-2.2,-71.9,0.1,-74,5000,-1.63,-4.02
12724,3.85,2.36,4.04,-3.5,-71.9,-4.2,-79,5004,-1.06,-4.77
12745,2.78,2.39,4.44,-4.2,-71.9,-2.1,-78,5004,-3.40,-4.75
12766,2.35,2.38,1.63,-4.0,-71.9,0.1,-75,5004,-5.42,-5.38
12787,1.88,2.33,0.63,-2.6,-71.9,1.5,-73,5000,-3.24,-4.20
12808,2.05,2.28,-0.69,-1.5,-72.0,1.7,-71,5004,-1.85,-4.36
12828,3.10,2.34,2.41,-2.9,-72.0,-1.9,-76,5000,-1.90,-4.30
12850,2.19,2.39,5.61,-4.3,-72.0,-1.5,-77,5000,-3.00,-2.41
12870,1.96,2.35,2.41,-3.2,-72.0,0.5,-74,5004,-3.26,-3.63
12892,1.34,2.24,-1.51,-0.6,-72.0,3.6,-69,5004,-2.22,-4.18
12912,2.71,2.19,-2.57,0.7,-72.0,1.2,-70,5000,-2.71,-4.06
12934,2.95,2.21,-1.59,0.3,-72.0,0.2,-71,5000,-3.42,-6.05
12954,1.78,2.32,4.87,-2.5,-72.0,-0.5,-74,5000,-6.46,-5.40
12976,0.80,2.33,5.63,-2.7,-72.0,1.2,-73,5000,-6.07,-2.67
12996,1.39,2.27,1.22,-1.2,-72.0,2.1,-71,5004,-1.65,-3.91
13017,2.46,2.20,-1.57,0.4,-72.0,1.2,-70,5004,0.14,-4.08
13038,2.31,2.20,0.55,0.4,-72.0,0.4,-71,5004,-2.00,-4.59
13059,3.25,2.25,1.83,-0.8,-72.0,-2.1,-74,5000,-4.12,-5.32
13080,1.70,2.23,1.90,-0.3,-72.0,1.0,-71,5004,-7.11,-3.14
13101,2.89,2.24,1.85,-0.5,-72.0,-1.4,-73,5004,-3.91,-2.51
13122,2.62,2.20,-0.82,0.5,-72.0,0.4,-71,5000,-0.65,-5.99
13143,2.00,2.16,-0.37,1.4,-72.0,1.4,-69,5000,-1.79,-6.36
13163,2.82,2.07,0.14,3.7,-72.0,-0.7,-68,5000,-3.06,-4.22
13185,2.23,2.06,3.61,4.0,-72.0,-1.2,-69,5000,-3.06,-3.12
13205,1.38,2.02,2.28,4.9,-72.0,1.1,-65,5000,-3.06,-3.00
13227,1.50,1.94,-1.59,7.0,-71.9,2.7,-62,5000,-2.69,-4.00
13247,2.33,1.86,-4.32,9.0,-71.9,2.2,-60,5004,-1.28,-6.22
13268,1.44,1.72,-7.85,12.6,-71.9,5.4,-53,5000,-1.63,-7.66
13289,2.64,1.59,-6.44,15.8,-71.8,2.0,-54,5000,-1.83,-6.58
13310,2.66,1.53,-2.63,17.2,-71.7,-0.1,-54,5000,-0.71,-6.48
13331,1.92,1.49,-1.32,18.2,-71.7,0.6,-52,5000,-0.33,-7.07
13351,2.11,1.47,1.08,18.6,-71.6,-1.0,-53,5000,-0.20,-3.65
13373,1.17,1.40,-0.12,20.5,-71.5,1.4,-49,5000,-3.16,-5.69
13393,1.07,1.24,-6.48,24.5,-71.4,4.5,-42,5004,-1.47,-7.54
13415,1.77,0.95,-9.32,31.7,-71.3,3.9,-35,5004,2.28,-9.60
13435,0.77,0.87,-3.22,33.8,-71.1,2.7,-34,5000,2.83,-5.38
13457,1.71,0.96,4.71,31.6,-71.0,-3.0,-42,5000,-3.16,-2.73
13477,-0.61,0.96,1.63,31.6,-70.9,3.3,-36,5000,-8.46,-8.50
13499,-0.99,0.81,-2.36,35.4,-70.7,5.8,-29,5004,-5.93,-8.56
13519,-0.71,0.59,-3.63,40.7,-70.6,5.5,-24,5004,-1.57,-1.83
13541,1.81,0.51,-1.26,42.7,-70.4,-1.0,-28,5000,0.20,-3.08
13561,1.19,0.56,1.71,41.4,-70.2,-1.2,-29,5004,-0.90,-4.22
13583,0.55,0.60,-0.10,40.5,-70.0,1.1,-28,5000,-3.49,-6.52
13603,0.70,0.49,-3.20,43.2,-69.9,2.1,-24,5000,-4.18,-8.17
13625,0.36,0.35,-3.51,46.7,-69.7,2.7,-20,5000,-3.57,-4.83
13645,0.28,0.25,-3.81,49.3,-69.5,2.8,-17,5000,-3.44,-5.40
13667,0.43,0.14,-4.28,51.9,-69.3,2.5,-14,5000,-2.30,-8.32
13687,0.08,0.05,-2.53,54.3,-69.0,2.1,-12,5000,-2.08,-6.30
13709,0.27,-0.00,-0.14,55.6,-68.8,0.4,-12,5004,-2.26,-4.53
13729,-0.65,-0.07,0.02,57.1,-68.6,2.1,-9,5000,-2.61,-5.91
13751,-0.79,-0.13,-0.75,58.7,-68.3,2.7,-7,5004,-2.41,-5.54
13771,-0.82,-0.21,-0.08,60.7,-68.1,2.2,-5,5004,-3.69,-3.65
13793,-0.12,-0.29,-2.14,62.7,-67.8,1.7,-3,5004,-3.57,-5.20
13813,0.39,-0.32,-0.94,63.4,-67.6,-0.1,-4,5004,-3.44,-5.28
13834,0.06,-0.26,3.24,62.1,-67.3,-1.4,-6,5000,-2.83,-3.47
13855,-1.00,-0.29,0.86,62.7,-67.0,1.9,-2,5004,-4.02,-5.26
13876,-1.22,-0.48,-5.67,67.6,-66.8,5.3,6,5004,-3.77,-7.34
13897,7.92,-0.34,10.86,63.9,-66.5,-21.4,-24,5004,1.94,-1.37
13918,4.26,-0.21,1.59,60.9,-66.2,-9.1,-14,5000,-2.28,-3.91
13939,-2.18,-0.57,-8.48,69.7,-65.9,8.5,12,5000,-8.09,-14.25
13960,-2.58,-0.69,0.26,72.7,-65.6,4.7,11,5000,-3.81,-2.28
13981,2.60,-0.44,5.85,66.5,-65.3,-8.2,-7,5004,-5.95,0.71
14002,-0.14,-0.51,-2.61,68.2,-65.1,1.5,4,5004,-3.47,-9.72
14023,3.46,-0.67,-2.89,72.2,-64.8,-6.1,1,5000,-1.90,-5.97
14044,-1.24,-0.53,10.15,68.8,-64.5,-2.7,1,5004,-4.36,4.48
14065,-2.40,-0.50,0.65,68.0,-64.2,4.5,8,5004,-5.20,-6.30
14086,-2.00,-0.80,-8.68,75.4,-63.9,7.8,19,5000,-0.86,-8.70
14107,-0.44,-0.91,-4.34,78.3,-63.6,2.2,16,5004,-0.39,-1.67
14128,1.72,-0.72,5.75,73.6,-63.2,-6.9,3,5000,-6.32,1.75
14148,-1.68,-0.65,2.18,71.7,-62.9,1.9,10,5000,-5.97,-8.97
14170,-1.25,-0.62,5.61,71.1,-62.6,-0.6,7,5004,-2.55,-3.63
14190,-1.93,-0.64,6.89,71.5,-62.3,0.2,9,5000,-1.69,0.14
14212,-0.94,-0.66,0.04,72.0,-62.0,1.6,11,5004,-3.55,-3.42
14232,-0.27,-0.75,-3.61,74.2,-61.7,1.8,14,5000,-4.65,-5.26
14254,-0.11,-0.80,-1.49,75.6,-61.4,0.3,14,5000,-4.61,-2.98
14274,0.41,-0.68,1.73,72.4,-61.1,-2.1,9,5004,-3.14,-1.98
14296,0.66,-0.54,5.03,69.1,-60.8,-4.1,4,5000,-3.08,-5.34
14316,-0.30,-0.40,9.05,65.5,-60.5,-3.9,1,5000,-3.51,-3.47
14338,-2.61,-0.39,6.67,65.2,-60.3,2.1,7,5004,-5.22,-1.88
14358,-2.92,-0.59,-3.04,70.2,-60.0,7.3,17,5000,-1.41,-4.81
14379,0.09,-0.73,-4.61,73.7,-59.7,1.7,15,5000,0.35,-4.55
14400,1.42,-0.63,3.85,71.2,-59.4,-5.2,6,5000,-1.49,-3.06
14420,1.77,-0.15,17.04,59.2,-59.1,-11.6,-11,5000,-3.20,3.42
14442,-14.83,-0.09,2.67,57.8,-58.9,29.7,28,5004,-0.49,-7.05
14464,-2.15,-0.12,13.72,58.5,-58.6,-1.7,-1,5004,7.34,-1.51
14484,-4.99,0.28,17.59,48.4,-58.4,2.9,-7,5000,-6.93,7.50
14505,-5.07,0.06,-8.46,54.0,-58.2,15.8,11,5000,3.02,-16.61
14526,2.16,0.06,-0.18,54.0,-58.0,-3.3,-7,5000,0.47,-5.67
14546,1.49,0.47,15.21,43.7,-57.8,-8.9,-22,5000,-1.06,6.34
14568,-1.17,0.69,3.79,38.2,-57.6,2.7,-16,5004,-10.01,-9.97
14589,-0.97,0.46,-1.43,44.1,-57.4,4.5,-8,5000,-12.45,-16.06
14610,-1.07,0.50,6.62,43.0,-57.3,0.8,-13,5000,-2.81,3.75
14631,0.96,0.55,2.00,41.7,-57.1,-0.9,-16,5000,-4.18,-2.49
14652,1.10,0.45,-2.49,44.3,-56.9,0.8,-11,5000,0.88,-10.03
14673,2.18,0.31,-2.12,47.7,-56.7,-1.8,-10,5000,1.04,-4.30
14694,2.26,0.34,3.69,47.0,-56.5,-4.8,-14,5000,-3.28,-0.75
14714,0.84,0.43,5.95,44.8,-56.3,-2.9,-14,5000,-6.64,-3.08
14736,-0.71,0.39,1.88,45.8,-56.1,2.3,-8,5000,-5.95,-4.71
14756,-1.16,0.19,-4.40,50.7,-55.9,6.0,0,5000,-1.92,-4.73
14778,1.61,0.12,-4.71,52.4,-55.7,0.3,-2,5000,-0.86,-3.69
14798,2.07,0.15,-2.94,51.7,-55.5,-1.5,-5,5000,-1.30,-5.97
14820,1.51,0.23,0.63,49.8,-55.3,-2.1,-7,5000,-4.36,-6.71
14840,-0.18,0.27,2.94,48.9,-55.1,0.3,-5,5004,-4.30,-3.34
14861,-0.60,0.22,-0.82,50.0,-54.9,2.9,-1,5004,-2.00,-4.57
14882,-0.36,0.04,-6.67,54.6,-54.6,5.0,4,5000,0.45,-8.66
14903,2.59,0.08,4.10,53.5,-54.4,-6.4,-7,5000,-0.61,-5.18
14924,-0.20,0.17,6.26,51.3,-54.2,-1.6,-4,5000,-4.67,-3.18
14945,-2.75,-0.11,-5.16,58.4,-54.0,8.9,13,5000,-9.60,-10.58
14966,-4.61,-0.31,-3.26,63.2,-53.7,11.4,20,5004,-0.37,-2.04
14987,-1.78,-0.32,-7.07,63.4,-53.4,7.5,17,5004,2.47,-1.79
15008,-1.98,-0.93,-19.59,78.7,-53.1,13.0,38,5004,1.06,-18.51
15029,0.61,-1.24,-12.25,86.5,-52.8,3.4,37,5004,-6.14,-2.91
15050,1.69,-1.05,5.56,81.8,-52.4,-7.5,21,5000,-11.50,2.49
15071,-0.17,-0.79,10.68,75.3,-52.1,-5.8,17,5000,-5.91,-2.89
15092,-1.45,-0.55,11.72,69.3,-51.8,-3.2,14,5000,-0.08,-1.61
15113,-1.74,-0.47,9.32,67.2,-51.5,-1.2,14,5000,0.59,-0.71
15134,-2.09,-0.50,2.14,68.1,-51.2,3.1,19,5000,-1.98,-2.32
15155,-0.50,-0.67,-5.20,72.2,-50.9,3.2,24,5000,-3.87,-5.26
15176,2.79,-0.61,3.22,70.7,-50.6,-7.7,12,5000,-3.44,-2.91
15197,-0.22,-0.45,7.03,66.7,-50.3,-3.1,13,5000,-4.16,-3.40
15218,0.27,-0.23,9.58,61.3,-50.1,-5.0,6,5000,-3.22,-3.10
15239,-2.05,-0.18,7.46,60.0,-49.8,1.0,11,5000,-3.24,-2.51
15260,-0.93,-0.25,3.61,61.8,-49.6,0.5,12,5004,-1.98,-3.63
15281,-0.14,-0.24,3.93,61.6,-49.3,-1.2,11,5004,0.37,-2.51
15302,0.64,-0.02,9.60,56.1,-49.1,-5.3,1,5004,-0.39,-1.00
15323,0.68,0.22,12.41,50.1,-48.8,-6.3,-5,5000,-3.10,-2.16
15344,-6.78,-0.13,-6.71,58.7,-48.6,18.0,28,5004,-9.70,-8.87
15365,0.76,-0.05,0.31,56.6,-48.4,-0.8,7,5004,1.14,3.69
15385,-1.63,0.36,7.44,46.6,-48.2,1.2,0,5000,-1.43,2.02
15407,-1.72,0.11,-7.07,52.7,-48.0,8.3,12,5000,1.51,-15.84
15427,1.23,0.13,-2.61,52.3,-47.8,-0.1,4,5000,-1.37,-2.63
15449,2.45,0.39,12.37,45.7,-47.5,-9.6,-11,5000,-3.53,4.06
15469,-2.94,0.43,0.88,44.8,-47.4,7.3,4,5000,-8.03,-10.01
15491,3.82,0.18,-0.12,51.1,-47.1,-6.4,-2,5004,-0.06,-9.38
15511,2.89,0.49,15.23,43.2,-46.9,-11.7,-15,5004,-2.49,3.49
15533,-2.03,0.42,3.65,44.9,-46.8,4.1,2,5000,-5.97,-8.97
15553,2.50,0.02,-8.95,55.0,-46.5,0.4,8,5000,-1.37,-15.19
15575,2.25,0.16,12.05,51.6,-46.3,-9.4,-4,5004,-4.53,5.81
15595,-2.95,0.15,4.24,51.9,-46.1,5.1,10,5004,-6.24,-5.83
15617,0.88,0.09,2.77,53.3,-45.9,-2.1,5,5004,-2.61,-11.23
15637,1.93,0.31,15.17,47.8,-45.7,-10.0,-7,5004,-1.45,-3.08
15659,-3.42,0.15,-0.37,51.8,-45.5,8.4,14,5000,-5.87,-7.77
15679,-0.60,-0.26,-11.52,61.9,-45.2,7.5,24,5004,-2.14,-9.46
15700,4.42,-0.22,6.73,60.9,-44.9,-11.9,4,5004,-0.22,2.38
15721,0.61,0.15,8.28,51.7,-44.7,-4.2,2,5004,-2.08,0.51
15742,-5.91,0.03,-0.43,54.7,-44.5,13.3,23,5000,-2.30,-18.37
15763,-0.31,-0.05,4.44,56.6,-44.3,-0.7,11,5004,-4.02,1.90
15784,-0.99,0.18,6.60,51.0,-44.0,0.0,6,5004,-6.26,3.44
15805,-1.95,0.14,-0.18,52.0,-43.8,5.3,13,5000,-1.39,-12.21
15826,-0.33,-0.14,-6.58,58.9,-43.6,4.7,20,5000,-1.69,-10.33
15847,0.92,-0.06,7.89,57.0,-43.3,-5.0,8,5008,-0.51,4.91
15868,2.70,0.18,1.92,51.0,-43.1,-5.2,2,5000,-3.87,-2.81
15889,0.16,0.19,2.24,50.7,-42.9,-0.1,7,5004,-1.18,-10.03
15909,-0.08,0.04,1.39,54.4,-42.7,0.6,12,5000,-2.85,-5.32
15931,1.19,0.04,3.42,54.5,-42.5,-3.1,9,5000,-3.89,0.41
15951,1.55,0.12,2.14,52.5,-42.2,-3.0,7,5004,-4.02,-3.40
15973,0.04,0.04,-1.73,54.5,-42.0,1.9,14,5000,-1.83,-6.89
15993,1.55,0.03,-0.75,54.7,-41.8,-1.8,11,5004,-1.20,-5.26
16015,0.81,0.14,5.28,52.0,-41.6,-3.1,7,5000,-3.16,-2.10
16035,0.61,0.26,6.16,49.0,-41.4,-2.9,4,5004,-5.44,-4.38
16057,0.01,0.29,4.20,48.2,-41.2,-0.6,6,5000,-3.44,-5.22
16077,0.06,0.27,2.87,48.6,-40.9,-0.1,7,5004,-0.31,-3.87
16098,-0.39,0.25,0.90,49.3,-40.7,1.8,10,5000,-1.18,-4.81
16119,-0.32,0.22,0.45,49.9,-40.5,1.8,11,5004,-1.10,-5.63
16140,0.60,0.22,4.12,50.0,-40.3,-1.9,7,5000,-2.71,-3.79
16161,-0.40,0.17,1.16,51.2,-40.1,1.6,12,5000,-3.57,-3.77
16182,1.21,0.18,1.24,51.1,-39.9,-1.8,9,5000,-2.04,-4.95
16203,0.05,0.26,6.30,49.0,-39.7,-1.8,7,5004,-3.49,-1.32
16224,-0.59,0.30,5.20,47.9,-39.5,0.2,8,5000,-2.96,-2.67
16244,-0.25,0.26,1.71,49.1,-39.3,1.2,10,5000,-0.22,-4.32
16266,0.35,0.18,-1.47,51.1,-39.1,1.4,13,5000,0.10,-3.18
16286,0.94,0.18,-2.02,51.1,-38.9,0.4,12,5004,-2.77,-4.28
16308,1.84,0.31,3.49,47.8,-38.7,-4.0,5,5000,-4.75,-3.97
16328,0.89,0.48,7.56,43.5,-38.5,-3.8,1,5000,-4.26,-3.22
16350,-0.54,0.53,5.12,42.2,-38.3,0.5,4,5000,-3.75,-4.83
16370,-0.67,0.46,0.63,44.0,-38.1,2.9,8,5004,-2.47,-5.32
16392,0.25,0.37,-0.90,46.3,-37.9,1.6,10,5004,-2.49,-4.00
16412,1.10,0.45,1.63,44.4,-37.7,-1.2,5,5004,-2.02,-2.18
16433,0.99,0.43,1.14,44.7,-37.5,-0.8,6,5000,-0.92,-6.64
16454,0.29,0.43,2.55,44.6,-37.4,-0.1,7,5000,-2.30,-4.48
16475,0.75,0.49,3.61,43.4,-37.2,-1.4,4,5000,-2.81,-4.26
16496,0.42,0.49,1.81,43.3,-37.0,0.1,6,5000,-1.20,-5.93
16517,-0.17,0.42,-0.86,45.0,-36.8,2.5,10,5004,-2.67,-5.44
16538,0.75,0.35,0.49,46.8,-36.6,-0.1,10,5000,-2.89,-4.14
16559,1.53,0.42,3.42,45.1,-36.4,-3.1,5,5000,-3.24,-3.02
16579,1.09,0.51,4.30,42.7,-36.2,-2.4,3,5004,-2.32,-5.89
16601,-0.44,0.55,5.10,41.9,-36.1,0.4,6,5000,-3.16,-5.40
16621,-1.12,0.45,2.32,44.2,-35.9,3.0,11,5000,-5.71,-2.38
16643,0.14,0.35,-2.53,46.6,-35.7,2.7,13,5000,-2.32,-3.18
16663,0.41,0.29,-4.40,48.3,-35.5,2.9,15,5004,-0.43,-6.09
16685,0.62,0.34,3.63,46.9,-35.3,-1.5,10,5000,-2.20,-3.81
16705,0.32,0.40,3.69,45.5,-35.1,-0.8,9,5004,-6.81,-3.93
16727,-0.61,0.42,2.47,44.9,-34.9,1.8,11,5000,-5.95,-4.55
16747,0.14,0.39,0.96,45.8,-34.7,1.0,12,5000,-3.97,-3.02
16769,0.78,0.39,2.26,45.7,-34.5,-1.0,10,5000,-1.30,-2.94
16789,0.66,0.46,3.55,44.1,-34.3,-1.3,8,5004,0.79,-3.65
16809,0.11,0.45,2.28,44.3,-34.2,0.5,10,5004,0.51,-5.30
16831,0.04,0.39,0.22,45.7,-34.0,1.6,13,5004,-2.79,-4.38
16851,0.70,0.34,-1.24,47.0,-33.8,0.8,14,5000,-4.95,-5.69
16873,1.54,0.37,1.30,46.3,-33.6,-2.1,10,5000,-4.81,-5.58
16893,0.84,0.46,5.38,44.0,-33.4,-2.6,8,5004,-3.79,-4.91
16915,-0.25,0.50,5.22,43.0,-33.2,-0.2,9,5004,-3.20,-2.87
16935,-0.17,0.46,0.61,44.0,-33.0,1.9,12,5000,-0.55,-4.36
16957,0.21,0.38,-1.47,46.1,-32.8,2.0,15,5004,-0.77,-4.93
16977,0.60,0.33,-0.41,47.3,-32.6,0.6,15,5000,-3.10,-4.26
16999,1.50,0.41,1.83,45.3,-32.4,-2.3,10,5000,-4.22,-3.93
17019,0.95,0.44,1.94,44.4,-32.3,-1.1,10,5004,-4.26,-5.77
17040,0.40,0.42,2.14,44.9,-32.1,-0.1,12,5000,-5.26,-4.22
17061,0.80,0.44,2.41,44.5,-31.9,-1.1,11,5000,-5.06,-4.30
17082,0.34,0.44,3.02,44.5,-31.7,-0.4,12,5000,-3.83,-4.97
17103,-0.80,0.37,1.26,46.3,-31.5,2.7,17,5000,-2.67,-3.81
17124,0.25,0.30,1.94,48.0,-31.3,0.1,16,5000,-1.73,-3.47
17145,-0.19,0.32,2.41,47.5,-31.1,0.8,17,5000,-2.02,-2.94
17166,0.81,0.32,0.94,47.5,-30.9,-0.5,16,5004,-3.77,-6.46
17187,-0.03,0.26,-0.12,49.0,-30.7,1.6,19,5000,-6.07,-6.05
17208,1.24,0.24,1.26,49.6,-30.5,-1.7,17,5000,-4.95,-3.69
17229,0.16,0.21,-1.45,50.2,-30.3,1.8,21,5000,-2.02,-5.95
17250,0.32,0.21,-1.30,50.3,-30.1,1.3,21,5000,-2.04,-6.34
17271,0.60,0.28,4.38,48.4,-29.9,-2.0,16,5000,-3.22,-3.93
17292,-0.26,0.33,5.63,47.3,-29.7,-0.7,16,5004,-3.24,-5.42
17313,-0.56,0.28,3.14,48.5,-29.5,1.1,20,5000,-2.12,-4.48
17334,-1.40,0.15,-0.59,51.9,-29.3,4.5,27,5000,-2.34,-4.06
17355,0.77,0.08,-2.28,53.5,-29.0,0.7,25,5000,-3.26,-3.65
17376,0.48,0.02,-2.87,55.1,-28.8,1.5,27,5004,-5.08,-6.44
17397,1.06,0.08,2.77,53.4,-28.6,-2.5,22,5004,-4.89,-4.10
17418,0.00,0.13,4.48,52.3,-28.4,-1.0,22,5000,-3.51,-3.57
17438,-0.73,0.10,1.51,52.9,-28.1,1.9,26,5004,-1.37,-3.71
17460,-0.32,-0.03,-2.75,56.2,-27.9,3.0,31,5004,-0.22,-5.01
17480,0.32,-0.04,-0.92,56.5,-27.7,0.7,29,5000,-3.00,-2.45
17502,0.56,-0.02,0.08,55.9,-27.4,-0.3,28,5000,-6.05,-5.08
17522,-0.09,-0.06,-2.63,57.1,-27.2,2.3,32,5000,-7.20,-6.81
17544,0.23,-0.15,-2.30,59.1,-27.0,1.3,33,5004,-4.99,-4.71
17564,-0.46,-0.22,-4.89,60.9,-26.7,3.8,38,5000,-2.24,-5.71
17586,0.34,-0.31,-4.85,63.4,-26.4,1.9,38,5004,-0.43,-8.15
17606,0.51,-0.31,2.55,63.3,-26.2,-2.1,34,5000,-1.14,-4.67
17628,-1.40,-0.28,5.16,62.4,-25.9,0.6,37,5004,-3.12,-3.26
17648,-2.24,-0.37,0.84,64.8,-25.6,4.3,43,5000,-3.55,-4.38
17670,-2.58,-0.53,-1.71,68.7,-25.4,6.0,49,5004,-4.85,-3.28
17690,-2.31,-0.76,-6.30,74.5,-25.1,7.3,56,5004,-2.73,-6.24
17711,-1.21,-1.02,-11.46,81.1,-24.7,7.1,63,5004,-0.47,-8.89
17732,0.27,-1.16,-9.70,84.6,-24.4,2.9,63,5000,-0.75,-5.54
17754,0.16,-1.25,-4.08,86.8,-24.0,0.1,62,5004,-1.12,-7.03
17774,-1.33,-1.27,-0.69,87.2,-23.7,1.4,64,5004,-2.18,-4.73
17795,-1.39,-1.38,-2.85,89.9,-23.3,2.4,68,5004,-1.20,-6.38
17816,-1.77,-1.55,-4.32,94.3,-22.9,3.5,74,5000,-2.79,-5.40
17837,-2.75,-1.75,-6.42,99.2,-22.5,6.2,82,5004,-2.73,-3.91
17858,-1.40,-1.91,-5.63,103.3,-22.1,2.7,83,5004,-0.22,-5.03
17880,-1.29,-1.93,-0.90,103.6,-21.6,0.1,82,5000,-1.47,-3.95
17900,-2.01,-1.96,-1.85,104.6,-21.2,1.9,85,5004,-2.85,-2.79
17922,-2.12,-2.15,-10.40,109.2,-20.7,6.1,94,5000,-3.06,-9.17
17942,-2.28,-2.28,-2.30,112.4,-20.3,2.1,94,5000,-1.39,-3.36
17964,-2.08,-2.40,-0.90,115.5,-19.8,0.7,96,5000,-2.18,-4.97
17984,-1.98,-2.45,-3.59,116.8,-19.3,1.7,99,5000,-2.61,-5.36
18006,-2.85,-2.49,-0.77,117.7,-18.8,2.0,100,5004,-4.77,-5.75
18026,-3.05,-2.62,-3.12,121.1,-18.3,3.3,106,5004,-4.71,-5.69
18048,-2.21,-2.71,-0.18,123.3,-17.8,-0.0,105,5000,-1.24,-4.08
18068,-1.56,-2.59,4.36,120.3,-17.3,-3.4,99,5004,-0.84,-1.96
18089,-3.39,-2.58,0.61,119.9,-16.8,2.2,105,5004,-3.14,-6.67
18111,-3.49,-2.71,-0.98,123.2,-16.3,3.0,109,5000,-4.00,-5.01
18131,-3.90,-2.74,1.16,124.1,-15.7,2.7,111,5004,-2.71,-1.45
18153,-2.33,-2.85,-1.24,126.7,-15.2,0.5,112,5004,-1.45,-3.40
18173,-2.04,-2.97,-3.26,129.9,-14.7,0.7,115,5000,-2.89,-6.50
18195,-2.93,-3.11,-4.91,133.4,-14.1,3.0,122,5004,-2.49,-5.87
18215,-2.88,-3.20,-2.55,135.4,-13.5,1.6,123,5000,-3.67,-3.12
18237,-3.31,-3.21,-0.43,135.8,-13.0,1.4,124,5004,-3.83,-3.89
18258,-2.12,-3.20,0.92,135.4,-12.4,-1.7,121,5000,-1.63,-5.03
18279,-3.32,-3.20,0.67,135.5,-11.8,0.8,124,5000,-1.39,-6.03
18300,-4.13,-3.27,-1.47,137.2,-11.2,3.4,129,5004,-2.63,-5.48
18321,-3.76,-3.35,-2.00,139.2,-10.7,2.8,131,5004,-1.28,-5.61
18342,-3.85,-3.44,-4.02,141.4,-10.1,3.8,135,5000,-4.26,-6.71
18364,-2.71,-3.45,1.24,141.7,-9.5,-1.2,130,5004,-1.88,-3.63
18384,-3.81,-3.40,4.18,140.4,-8.9,-0.4,131,5000,-3.61,-2.12
18406,-3.69,-3.36,1.94,139.4,-8.3,0.6,131,5000,-1.73,-3.67
18426,-3.18,-3.39,-1.14,140.3,-7.7,1.0,133,5004,-1.47,-7.32
18448,-1.97,-3.46,0.47,141.9,-7.1,-2.4,132,5000,-4.46,-2.91
18468,-2.29,-3.49,0.39,142.7,-6.5,-1.8,134,5004,-3.69,-4.83
18490,0.63,-3.48,-0.18,142.4,-5.9,-7.5,129,5000,-1.65,-5.14
18510,-4.69,-3.58,2.87,144.9,-5.3,1.7,141,5000,-4.10,-5.30
18532,-4.23,-3.58,-0.12,145.0,-4.7,2.3,142,5000,-3.81,-4.28
18552,-3.85,-3.61,2.06,145.7,-4.1,0.4,141,5000,-2.43,-3.47
18574,-6.18,-3.65,-0.75,146.7,-3.5,6.5,149,5004,-1.08,-5.24
18594,-3.32,-3.76,-0.47,149.4,-2.8,0.3,146,5000,-2.10,-4.85
18616,-2.14,-3.76,3.75,149.5,-2.2,-4.3,143,5004,-5.40,2.04
18637,-2.63,-3.64,3.59,146.4,-1.6,-3.0,141,5000,-4.20,-3.63
18658,-3.58,-3.69,-3.65,147.7,-1.0,2.5,149,5004,-0.06,-8.07
18679,-4.94,-3.83,-0.53,151.1,-0.3,3.5,154,5004,-2.28,-3.75
18700,-2.91,-3.78,4.22,149.9,0.3,-3.0,147,5000,-5.46,-0.10
18721,-3.53,-3.76,2.83,149.5,0.9,-1.0,149,5000,-6.36,-3.47
18742,-6.22,-3.90,-2.20,153.0,1.6,6.8,161,5000,-1.65,-7.50
18763,-5.31,-4.22,-5.36,161.1,2.2,6.0,169,5000,-2.63,-4.36
18784,-2.87,-4.27,-0.41,162.2,2.9,-1.6,163,5000,-1.02,-2.53
18805,-6.55,-4.26,4.93,162.1,3.6,3.2,168,5004,-7.11,-0.02
18826,-4.99,-4.41,-0.22,165.7,4.3,2.4,172,5000,-6.32,-3.00
18847,-4.00,-4.41,0.04,165.7,5.0,0.2,170,5004,-2.65,-3.73
18868,-4.33,-4.38,-1.06,164.9,5.7,1.5,172,5000,-2.02,-6.95
18889,-1.17,-4.35,-2.61,164.2,6.4,-4.2,166,5000,-1.55,-9.11
18910,-2.55,-4.22,0.55,160.9,7.1,-2.8,165,5004,-5.97,-4.79
18931,-4.74,-4.26,-1.30,161.9,7.7,2.5,172,5004,-4.00,-5.58
18953,-6.98,-4.43,-0.51,166.2,8.4,6.4,181,5004,-0.61,-4.85
18973,-6.99,-4.57,-1.35,169.8,9.1,6.6,185,5004,-1.57,-3.18
18995,-3.88,-4.42,-2.96,166.1,9.8,1.2,177,5000,-3.44,-2.55
19015,-7.31,-4.78,-0.02,175.1,10.6,6.2,191,5004,-0.02,-0.02
19037,-5.38,-4.85,-8.13,176.8,11.3,6.1,194,5000,-4.87,-0.49
19057,-2.88,-4.66,-2.38,171.9,12.0,-1.7,182,5000,-2.69,-4.57
19079,-3.69,-4.93,-4.63,178.8,12.8,0.6,192,5000,-3.71,-8.21
19099,-7.26,-5.01,1.63,180.7,13.5,4.6,198,5000,-3.53,-6.36
19121,-4.91,-5.11,-1.06,183.2,14.3,1.0,198,5000,-0.20,-4.73
19142,-6.23,-5.04,-1.00,181.4,15.1,3.7,200,5004,1.51,-6.83
19163,-6.84,-5.03,3.89,181.3,15.8,2.5,199,5004,-1.53,-3.44
19184,-1.95,-4.91,3.42,178.3,16.6,-7.0,187,5004,-1.16,-6.62
19205,-8.28,-5.11,1.79,183.2,17.3,6.5,207,5000,-3.06,-5.18
19226,-8.25,-5.21,-0.31,185.8,18.1,7.3,211,5000,-2.94,-4.24
19247,-2.12,-5.08,0.24,182.6,18.9,-5.4,196,5004,0.00,-10.11
19268,-6.38,-5.28,1.71,187.6,19.7,2.3,209,5000,-3.04,-4.85
19290,-3.71,-5.33,1.63,188.7,20.5,-3.2,205,5000,-3.02,-4.55
19310,-5.87,-5.56,-1.57,194.5,21.3,2.4,218,5000,-3.97,-3.81
19332,-4.63,-5.78,-2.41,200.1,22.1,-0.1,222,5004,-0.37,1.08
19352,-150.72,-8.69,-20.97,272.7,23.0,303.9,255,5004,-20.97,-20.97
19374,-3.69,-8.61,-7.32,270.7,24.2,-3.9,255,5004,-1.88,-10.68
19395,-0.63,-8.72,-2.38,273.5,25.4,-13.0,255,5000,0.10,-6.58
19417,-4.85,-8.74,-1.63,274.0,26.5,-4.8,255,5004,-2.65,-4.71
19437,-5.06,-8.70,-3.16,273.0,27.7,-3.6,255,5004,-4.18,-0.43
19459,-8.37,-8.72,-6.44,273.4,28.8,4.7,255,5004,-0.53,-7.26
19479,-5.25,-8.83,-8.15,276.2,30.0,-1.1,255,5000,2.24,-5.38
19501,-3.75,-10.68,-5.95,322.4,31.3,-8.2,255,5004,0.71,-0.24
19522,-7.34,-13.17,-10.19,384.8,33.0,-2.6,255,5004,-5.87,-0.59
19543,-6.38,-12.97,-8.95,379.8,34.6,-5.1,255,5000,-11.88,-4.38
19564,-7.99,-12.78,-10.17,374.9,36.2,-1.1,255,5004,-10.03,-3.38
19586,-12.08,-12.69,-9.74,372.7,37.8,7.0,255,5004,-4.61,-5.38
19606,-6.82,-12.33,3.12,363.8,39.3,-9.7,255,5000,-4.28,-3.89
19628,-7.51,-14.58,8.21,420.0,41.1,-14.3,255,5000,0.45,0.33
19649,-7.04,-14.17,1.37,409.7,42.9,-11.2,255,5000,1.02,-4.38
19670,-7.88,-14.04,-8.95,406.5,44.6,-4.3,255,5004,1.79,-8.66
19691,-5.84,-13.94,-8.09,403.9,46.3,-9.0,255,5000,-6.16,-8.09
19713,-4.48,-13.59,-1.35,395.1,48.0,-14.7,255,5004,-8.34,-4.30
19733,-5.27,-15.84,-3.40,451.4,49.9,-15.6,255,5004,-4.50,-6.38
19755,-5.76,-15.30,-1.04,438.0,51.7,-15.1,255,5012,-0.65,-1.12
19776,-7.60,-14.83,-3.06,426.2,53.6,-9.7,255,5000,2.65,-7.26
19796,-9.90,-14.34,0.69,414.1,55.3,-6.2,255,5004,0.12,-7.77
19818,-10.65,-14.03,2.10,406.2,57.1,-5.0,255,5004,-5.91,-7.15
19840,-7.89,-13.68,-0.82,397.5,58.8,-8.8,255,5000,-5.54,-2.55
19860,-15.79,-16.05,-3.75,456.6,60.7,5.2,255,5000,-6.28,-0.06
19881,-11.82,-15.89,-9.82,452.7,62.6,0.1,255,5004,-8.72,-8.26
19903,-7.08,-15.72,-11.09,448.4,64.5,-9.0,255,5000,-5.85,-7.15
19924,-10.24,-18.10,-7.44,508.0,66.6,-8.0,255,5004,-7.58,-8.26
19945,-6.05,-20.34,-1.28,564.1,68.9,-23.4,255,5000,-5.34,-1.92
19966,-10.89,-22.15,1.71,609.2,71.5,-17.7,255,5000,-1.75,-1.57
19988,-12.71,-21.33,-5.24,588.8,74.0,-9.5,255,5000,1.94,-6.99
20008,-4.24,-20.48,0.16,567.6,76.5,-28.4,255,5004,2.20,-6.56
20030,-7.34,-20.09,-9.13,557.8,78.9,-17.0,255,5004,0.22,-12.15
20051,-6.25,-19.52,-3.93,543.5,81.2,-21.3,255,5000,-1.81,-8.62
20073,-11.66,-18.98,-1.57,530.1,83.5,-10.6,255,5004,-5.22,-3.77
20093,-12.77,-18.49,-4.75,517.7,85.7,-6.1,255,5000,-7.36,-2.67
20115,-11.52,-18.06,-5.77,507.0,87.9,-7.7,255,5000,-9.58,-3.16
20136,-6.92,-19.66,-11.21,547.1,90.2,-17.0,255,5000,-7.03,-0.04
20157,-9.70,-19.24,-7.60,536.6,92.5,-12.6,255,5004,-5.46,-2.83
20178,-12.84,-18.77,-6.09,524.6,94.7,-6.4,255,5004,-8.87,-0.79
20200,-10.13,-18.31,-5.83,513.3,96.9,-11.6,255,5000,-1.88,3.75
20221,-8.63,-17.66,-2.10,497.1,99.0,-15.6,255,5000,-2.96,-2.41
20242,-10.79,-17.14,4.50,483.9,101.1,-13.7,255,5000,-2.00,-7.70
20263,-12.66,-16.53,6.87,468.9,103.1,-10.1,255,5000,-6.22,-3.71
20285,-17.97,-15.98,7.15,454.9,105.1,1.6,255,5004,-7.03,-4.93
20306,-12.51,-15.36,15.14,439.5,107.0,-12.6,255,5000,-6.87,-3.22
20327,-13.94,-14.69,21.95,422.7,108.8,-11.8,255,5000,-0.02,-0.02
20348,-6.92,-15.58,21.52,444.9,110.7,-27.2,255,5004,-5.38,0.37
20370,-12.19,-20.06,22.28,557.0,112.9,-23.5,255,5004,-8.58,1.06
20390,-10.88,-18.95,25.66,529.2,115.2,-26.0,255,5004,-7.01,0.20
20412,-10.28,-17.69,39.79,497.7,117.3,-32.1,255,5004,-5.91,6.09
20433,-3.60,-16.09,42.52,457.7,119.4,-44.4,255,5004,-1.28,10.01
20455,-3.45,-20.08,46.53,557.5,121.7,-52.5,255,5004,-2.47,9.03
20476,-4.05,-18.05,46.62,506.6,123.9,-47.8,255,5000,5.73,2.32
20496,-135.00,-22.02,-0.02,605.9,126.2,239.6,255,5000,-0.02,-0.02
20517,-2.41,-20.54,24.72,569.1,128.5,-43.5,255,5004,-3.00,-15.72
20539,-7.36,-19.35,21.42,539.3,130.8,-29.8,255,5004,-6.75,-8.62
20560,-2.68,-17.97,27.50,504.7,133.1,-40.2,255,5004,-4.18,7.07
20581,-7.33,-16.83,12.35,476.3,135.1,-21.3,255,5000,0.18,0.00
20602,-3.04,-18.22,-5.26,511.1,137.3,-23.5,255,5012,-5.26,-5.26
20624,-1.72,-18.27,0.14,512.2,139.5,-29.8,255,5000,1.96,-1.04
20645,-2.07,-14.60,3.20,420.5,141.5,-25.2,255,5000,-0.24,0.63
20666,-0.59,-13.44,12.27,391.5,143.2,-31.0,255,5004,-3.32,-0.59
20687,-4.48,-16.06,10.25,457.1,145.0,-25.9,255,5000,-4.38,-3.55
20709,1.23,-14.81,10.11,425.9,146.8,-35.7,255,5000,-1.18,-2.75
20730,-6.22,-17.34,10.25,488.9,148.8,-24.2,255,5000,-0.02,-0.02
20751,-3.04,-16.15,-0.02,459.2,150.7,-23.9,255,5000,-0.02,-0.02
20772,-2.89,-11.78,6.11,350.0,152.3,-20.7,255,5004,0.90,-0.10
20794,-6.30,-10.88,8.68,327.4,153.7,-13.5,255,5004,-1.69,-5.67
20814,0.84,-9.89,10.93,302.7,155.0,-27.8,255,5004,-1.04,0.33
20836,-7.06,-9.16,8.09,284.4,156.2,-8.9,255,5004,-2.85,-6.30
20857,-2.67,-13.54,2.38,394.1,157.9,-21.0,255,5000,-3.55,-10.91
20879,-3.86,-12.72,3.20,373.6,159.5,-17.8,255,5000,-6.03,-5.46
20900,-1.75,-11.95,0.04,354.3,161.1,-19.4,255,5004,-3.97,-3.14
20921,-3.51,-11.33,1.71,338.8,162.5,-15.7,255,5000,-2.36,-4.44
20942,-5.66,-15.97,5.14,454.6,164.3,-20.0,255,5004,-0.61,-0.57
20964,3.04,-17.46,3.14,492.0,166.2,-39.2,255,5004,-0.29,-4.67
20985,-1.34,-16.14,8.32,459.0,168.2,-30.9,255,5000,-5.65,-1.43
21006,-1.47,-15.07,3.59,432.3,170.1,-26.6,255,5000,-1.81,-6.14
21027,-2.83,-14.09,1.26,407.8,171.9,-21.2,255,5000,-2.24,-6.77
21049,0.69,-13.27,-4.87,387.3,173.6,-24.2,255,5004,-2.04,-10.62
21069,1.66,-12.48,-2.73,367.4,175.2,-26.2,255,5000,-6.05,-6.36
21091,-0.26,-11.57,3.81,344.7,176.7,-24.2,255,5000,-5.20,-1.35
21112,0.78,-14.80,6.60,425.4,178.3,-32.8,255,5000,-2.08,-4.10
21134,-2.32,-13.68,10.23,397.4,180.0,-26.5,255,5000,1.85,0.92
21154,-3.33,-12.64,4.24,371.5,181.6,-19.7,255,5004,4.57,-3.22
21176,0.11,-11.94,-2.81,353.9,183.2,-22.4,255,5000,-1.63,-6.26
21197,-0.62,-13.01,-4.14,380.7,184.7,-21.9,255,5000,-3.95,-5.87
21219,0.15,-12.16,-0.04,359.4,186.3,-24.2,255,5004,-5.26,-5.26
21239,-1.49,-13.93,-0.02,403.7,188.0,-23.6,255,5004,-0.02,-0.02
21261,-0.97,-14.62,3.73,421.1,189.8,-27.6,255,5000,-0.51,-5.28
21282,2.33,-16.14,6.48,458.9,191.8,-38.1,255,5000,0.84,-1.73
21304,-0.76,-14.98,6.30,430.0,193.7,-29.9,255,5004,-1.26,-1.75
21324,-6.09,-14.02,3.97,406.1,195.5,-16.3,255,5004,-2.71,-2.69
21346,0.00,-12.95,0.00,379.1,197.1,-25.2,255,5000,0.00,0.00
21366,-2.24,-12.15,-1.69,359.2,198.6,-18.6,255,5000,-1.61,-6.44
21388,-1.30,-11.22,3.51,336.0,200.1,-21.7,255,5004,-4.26,-0.61
21409,-2.01,-10.36,5.26,314.5,201.5,-19.8,255,5004,-3.10,-2.51
21430,2.38,-9.63,1.94,296.1,202.8,-26.0,255,5004,-2.20,-6.22
21451,-3.25,-8.90,4.38,277.9,204.0,-14.5,255,5000,-2.89,-4.50
21473,-1.75,-10.86,4.65,327.1,205.2,-20.9,255,5004,-1.30,-4.87
21494,-161.77,-13.08,-5.28,382.6,206.6,309.6,255,5004,-10.50,-10.50
21515,-3.73,-11.89,12.92,352.7,208.2,-22.3,255,5004,-0.69,-5.48
21536,-2.98,-7.94,6.50,254.1,209.3,-14.6,255,5004,-2.32,-11.01
21558,-3.38,-7.42,8.60,240.9,210.3,-14.1,255,5000,-1.75,-9.09
21579,-1.87,-8.57,-0.02,269.6,211.5,-14.6,255,5004,-0.02,-0.02
21600,-4.11,-7.71,10.74,248.2,212.5,-13.9,255,5000,-1.55,-0.73
21623,-135.00,-9.68,-0.02,297.5,213.6,257.8,255,5004,-0.02,-0.02
21644,3.08,-8.67,6.85,272.3,214.9,-28.2,255,5000,-2.53,-1.43
21665,1.75,-7.86,7.20,252.0,216.0,-24.3,255,5004,-3.36,-4.89
21687,-0.26,-7.25,3.14,236.8,217.0,-17.1,255,5004,-3.32,-5.40
21707,0.34,-6.54,5.18,219.0,218.0,-18.2,255,5000,2.85,0.47
21729,1.94,-8.45,2.63,266.7,219.2,-23.0,255,5000,3.89,-167.65
21750,0.16,-9.59,9.27,295.2,220.5,-24.6,255,5000,-1.59,0.04
21771,-1.33,-8.52,14.74,268.4,221.6,-22.5,255,5004,-7.46,-2.18
21792,2.68,-10.35,3.32,314.2,222.9,-27.7,255,5004,-5.99,-5.24
21814,4.22,-9.24,5.87,286.4,224.2,-30.4,255,5000,-1.94,-4.30
21835,3.25,-8.21,6.50,260.6,225.3,-27.1,255,5004,-0.24,-6.48
21856,2.28,-5.06,9.68,182.0,226.2,-21.9,255,5004,-1.24,-3.51
21877,3.26,-4.43,-0.14,166.4,226.9,-18.0,255,5000,-1.77,-4.93
21899,-2.34,-3.83,2.73,151.4,227.6,-6.9,255,5004,-2.41,-1.77
21919,0.27,-3.04,7.54,131.5,228.2,-13.4,255,5004,0.22,0.94
21941,-0.36,-2.49,-10.50,117.8,228.7,-2.2,255,5000,-10.50,-10.50
21962,2.27,-1.97,1.96,104.7,229.1,-13.0,255,5000,-5.12,-8.30
21983,3.07,-1.48,2.18,92.5,229.6,-13.9,255,5000,-3.28,-3.79
22004,0.39,-1.26,9.11,87.1,229.9,-11.6,255,5004,-4.06,1.51
22026,0.69,-0.57,9.93,69.8,230.2,-11.4,255,5004,-2.79,-4.06
22046,1.83,-0.15,2.53,59.3,230.5,-9.3,255,5004,-1.71,-8.30
22068,3.02,-2.49,2.30,117.6,230.9,-15.0,255,5004,-3.55,-4.69
22088,-0.91,-2.14,0.26,109.1,231.3,-5.3,255,5004,-3.44,-3.77
22110,5.56,-1.40,6.89,90.6,231.8,-20.7,255,5000,-3.81,2.55
22130,0.00,-1.34,0.00,89.1,232.2,-5.9,255,5000,0.00,0.00
22152,-0.41,-0.83,6.11,76.2,232.5,-7.2,255,5004,-3.16,-5.08
22172,1.01,-0.40,5.85,65.5,232.8,-9.2,255,5000,-2.16,-1.73
22194,-0.06,0.01,1.65,55.3,233.0,-4.2,255,5000,-3.51,-2.85
22214,0.35,0.43,3.85,44.7,233.2,-5.4,255,5000,-5.85,-0.10
22236,0.42,0.88,2.43,33.5,233.4,-4.0,255,5004,-4.85,-2.24
22257,5.92,-1.33,4.10,88.8,233.8,-19.3,255,5004,-4.46,-3.79
22278,4.88,-6.63,10.60,221.2,234.7,-28.5,255,5004,-3.71,-4.40
22299,0.70,-5.79,6.30,200.2,235.6,-16.5,255,5004,-2.24,-7.07
22321,2.41,-5.02,8.68,180.9,236.4,-20.0,255,5004,-5.38,-2.91
22341,2.71,-4.26,2.24,162.0,237.1,-16.2,255,5000,-4.91,-4.67
22363,0.84,-3.73,4.71,148.7,237.7,-12.7,255,5004,-5.48,-0.88
22384,1.65,-0.64,6.50,71.4,238.0,-10.6,255,5000,-6.32,-1.22
22405,3.82,-3.77,6.89,149.7,238.6,-19.8,255,5004,-6.56,-1.22
22426,1.45,-3.14,5.28,133.9,239.2,-13.2,255,5004,-3.12,-4.24
22449,-135.00,-5.32,-0.02,188.6,239.8,266.4,255,5000,-0.02,-0.02
22470,3.75,-4.31,9.40,163.4,240.6,-21.7,255,5000,0.77,-2.85
22492,2.85,-0.55,9.58,69.3,240.9,-14.2,255,5004,-3.44,-3.32
22512,4.19,-0.02,6.03,56.0,241.2,-14.2,255,5004,-4.18,-7.32
22534,1.81,0.50,6.48,43.0,241.4,-8.6,255,5004,-1.63,-3.67
22554,5.23,-3.25,10.60,136.8,242.0,-23.8,255,5000,-4.75,-4.32
22576,90.15,-0.78,-0.02,75.1,242.5,-189.5,128,5004,-0.02,-0.02
22597,3.31,-0.17,7.38,59.8,242.7,-13.4,255,5004,-5.38,-6.40
22618,7.69,-2.28,7.99,112.6,243.2,-25.8,255,5000,-0.55,-6.01
22639,0.26,-1.57,8.93,94.7,243.7,-9.8,255,5000,0.79,0.73
22661,2.20,-0.91,2.77,78.2,244.0,-9.6,255,5000,-0.90,-4.20
22681,3.43,-0.48,-41.93,67.5,244.3,10.8,255,5000,-41.93,-41.93
22703,2.96,0.12,5.06,52.6,244.6,-10.4,255,5192,-1.67,-2.83
22722,-135.00,-2.25,-0.02,111.9,244.8,272.2,255,5000,-0.02,-0.02
22744,5.32,-1.65,-1.26,96.9,245.2,-14.8,255,5004,-0.92,-3.81
22765,3.74,-1.12,1.53,83.5,245.6,-12.1,255,5000,-2.79,-2.24
22786,9.80,-0.39,7.09,65.2,245.9,-26.1,255,5000,0.16,-0.69
22807,5.91,0.16,6.24,51.4,246.2,-16.8,255,5004,-1.88,-4.75
22829,4.71,0.68,5.06,38.5,246.3,-12.9,255,5000,0.90,-0.04
22849,5.97,1.24,3.67,24.4,246.5,-13.9,255,5000,-3.24,-4.16
22871,6.20,1.85,7.42,9.2,246.5,-15.2,240,5000,-2.75,-0.45
22891,4.13,-0.35,7.85,64.3,246.7,-14.3,255,5004,-0.90,-5.18
22913,5.88,0.38,4.57,46.0,246.9,-15.1,255,5004,0.98,-7.66
22934,5.50,-1.78,9.32,99.9,247.3,-19.8,255,5000,-1.16,-4.65
22955,5.13,-3.90,4.75,153.0,247.8,-19.9,255,5000,-0.10,-20.97
22976,3.53,-3.13,6.89,133.8,248.4,-16.5,255,5004,-5.06,-7.93
22998,2.92,-2.46,11.19,116.9,248.9,-16.3,255,5000,-2.59,-3.93
23018,2.57,-4.63,3.28,171.2,249.5,-14.9,255,5000,-0.82,-5.69
23040,8.66,-3.64,5.52,146.5,250.1,-27.0,255,5004,-3.53,-5.14
23061,3.61,-2.91,5.01,128.1,250.7,-15.2,255,5000,-3.38,-4.79
23081,5.52,-2.08,9.01,107.5,251.2,-19.9,255,5004,-2.53,-7.26
23102,-135.00,-4.49,-0.02,167.7,251.7,269.2,255,5004,-0.02,-0.02
23123,5.80,-3.54,7.22,144.0,252.3,-21.7,255,5000,-3.04,-5.22
23144,4.17,-2.59,8.95,120.4,252.9,-17.8,255,5004,-2.34,-1.20
23165,3.66,-1.91,-1.06,103.3,253.3,-10.7,255,5000,-2.59,-8.64
23187,6.52,-1.25,1.63,86.6,253.7,-16.9,255,5004,-7.28,-6.09
23207,4.23,-0.50,9.19,68.0,254.0,-14.9,255,5000,-4.36,0.39
23229,7.57,0.17,3.67,51.2,254.3,-17.9,255,5000,-4.48,-6.58
23249,6.36,0.99,8.15,30.9,254.4,-16.4,255,5000,-0.10,-20.97
23271,6.54,3.37,7.22,-28.9,254.4,-12.6,212,5000,-1.90,-7.32
23292,7.60,4.05,12.68,-45.7,254.3,-16.4,192,5000,-0.55,-10.91
23313,8.38,1.77,6.09,11.2,254.3,-18.0,247,5004,1.73,-10.48
23334,10.08,2.64,19.28,-10.4,254.3,-26.6,217,5000,-2.79,-7.09
23356,9.17,3.50,16.84,-31.9,254.2,-21.9,200,5000,-4.59,-7.83
23376,6.56,3.93,1.26,-42.8,254.1,-8.0,203,5004,-3.79,-16.61
23398,8.16,1.54,6.77,17.1,254.1,-17.5,253,5004,-4.77,-4.95
23419,7.55,2.28,6.89,-1.5,254.1,-15.1,237,5004,-2.67,0.59
23440,7.38,2.92,0.39,-17.6,254.0,-10.5,225,5000,-3.16,-7.17
23461,9.43,3.53,2.24,-32.8,253.9,-14.6,206,5004,0.73,-5.12
23483,9.28,4.03,7.22,-45.2,253.8,-15.9,192,5004,-1.73,-8.89
23503,4.32,4.47,13.39,-56.2,253.5,-8.1,189,5000,-1.85,-4.67
23525,9.56,5.01,6.56,-69.7,253.3,-14.5,169,5000,-4.71,-7.73
23545,6.58,5.26,2.36,-76.0,253.0,-5.8,171,5004,-5.52,-4.85
23567,8.43,5.71,1.85,-87.2,252.6,-8.6,156,5004,-2.57,-4.89
23588,10.02,6.27,0.69,-101.1,252.2,-10.4,140,5004,-2.45,-6.44
23609,7.73,6.49,4.97,-106.7,251.8,-7.4,137,5000,-6.73,-2.24
23630,12.68,6.98,3.69,-119.1,251.3,-16.0,116,5004,-4.77,-2.10
23652,11.57,7.55,8.42,-133.3,250.7,-15.1,102,5000,-1.08,-4.69
23672,8.76,8.04,7.20,-145.6,250.1,-7.8,96,5000,-4.28,-6.50
23694,10.25,8.49,9.21,-156.8,249.5,-11.1,81,5000,-0.63,-6.95
23715,7.43,9.02,14.68,-169.9,248.8,-7.0,71,5000,-0.45,-3.16
23736,7.58,9.15,0.43,-173.2,248.1,0.1,75,5000,-4.08,-6.28
23757,12.29,9.19,-0.57,-174.3,247.3,-8.9,64,5004,-4.22,-5.08
23778,10.64,9.47,3.32,-181.3,246.6,-7.0,58,5004,-3.79,-0.96
23799,7.79,9.59,-1.85,-184.4,245.8,1.7,63,5000,-5.32,-5.83
23821,9.46,9.75,0.06,-188.2,245.0,-2.3,54,5000,-3.24,-3.95
23841,9.04,9.92,3.97,-192.4,244.2,-3.1,48,5000,-1.83,-0.12
23863,10.75,10.12,1.88,-197.6,243.4,-5.1,40,5000,-0.96,-3.44
23884,11.79,10.32,3.51,-202.4,242.5,-7.7,32,5000,-3.42,-6.01
23905,9.90,10.52,5.28,-207.4,241.7,-4.3,29,5004,-4.14,-4.08
23926,8.78,10.62,3.51,-210.0,240.8,-0.8,29,5000,-4.59,-5.75
23947,8.80,10.68,2.32,-211.5,239.9,-0.1,28,5000,-2.04,-5.65
23968,10.33,10.76,3.81,-213.5,239.0,-3.7,21,5000,-1.08,-2.65
23990,9.00,10.84,3.89,-215.5,238.1,-0.8,21,5004,-2.57,-2.20
24010,9.30,10.86,0.20,-216.0,237.2,0.5,21,5004,-2.87,-4.36
24032,10.09,10.88,-1.39,-216.5,236.3,-0.2,19,5000,-1.81,-4.53
24053,10.66,10.94,0.29,-218.1,235.3,-2.1,15,5004,-3.79,-3.59
24074,10.17,11.03,1.04,-220.3,234.4,-1.3,12,5000,-7.03,-3.61
24095,10.32,11.11,1.61,-222.1,233.5,-1.7,9,5004,-5.52,-3.93
24117,10.28,11.15,2.57,-223.4,232.5,-1.9,7,5004,-1.02,-3.24
24137,10.73,11.29,4.61,-226.7,231.6,-3.5,1,5000,3.87,-3.28
24159,10.60,11.41,5.03,-229.8,230.6,-3.2,-2,5004,0.24,-4.79
24180,4.12,11.15,-9.52,-223.3,229.7,17.0,23,5004,-3.18,-4.87
24201,12.40,11.28,1.04,-226.5,228.7,-5.0,-2,5000,-4.85,-1.61
24222,9.12,11.40,8.07,-229.5,227.7,-1.5,-3,5000,-5.26,-2.55
24243,9.60,11.43,2.73,-230.2,226.8,0.3,-3,5004,-0.49,-6.40
24264,8.65,11.41,-1.59,-229.8,225.8,4.5,0,5004,-0.75,-5.97
24285,12.68,11.29,2.65,-226.7,224.8,-6.0,-7,5000,-2.77,-2.06
24306,9.81,11.51,7.54,-232.1,223.9,-2.2,-10,5004,-8.30,0.10
24328,9.42,11.51,2.28,-232.3,222.9,1.4,-8,5004,-4.24,-8.85
24348,10.13,11.26,-2.34,-226.1,221.9,1.9,-2,5000,-4.81,-7.13
24370,12.39,11.41,8.03,-229.6,221.0,-7.7,-16,5000,0.53,2.96
24391,8.22,11.36,0.82,-228.5,220.0,4.5,-3,5000,-2.51,-4.65
24412,10.15,11.36,-1.98,-228.6,219.0,2.0,-7,5004,-3.08,-6.52
24433,10.14,11.28,0.47,-226.4,218.1,0.7,-7,5000,-3.87,-4.77
24455,10.36,11.33,0.98,-227.7,217.1,0.1,-10,5000,-2.98,-2.85
24475,10.55,11.39,2.36,-229.3,216.1,-0.9,-13,5000,-4.48,-4.95
24497,10.02,11.42,4.00,-229.9,215.2,-0.5,-15,5004,-3.81,-3.77
24518,9.70,11.39,1.96,-229.4,214.2,1.2,-13,5000,-1.41,-4.02
24539,9.87,11.36,1.26,-228.5,213.2,1.2,-14,5000,-0.22,-4.34
24560,9.42,11.25,0.55,-225.8,212.3,2.4,-11,5000,-2.34,-7.20
24581,9.20,11.26,6.83,-226.1,211.3,-0.2,-15,5000,-2.85,-1.73
24602,8.71,11.24,3.02,-225.5,210.4,2.7,-12,5000,-3.10,-3.65
24624,8.95,11.14,-1.30,-222.9,209.4,4.3,-9,5004,-1.83,-5.10
24644,10.43,11.06,0.00,-220.9,208.5,0.5,-11,5000,-2.45,-2.75
24666,10.86,11.07,1.28,-221.3,207.5,-1.0,-14,5004,-2.75,-3.59
24687,9.74,11.08,3.10,-221.5,206.6,0.4,-14,5004,-2.87,-5.38
24708,9.06,11.06,4.06,-221.1,205.7,1.4,-14,5004,-3.97,-4.89
24729,9.32,11.02,3.28,-220.0,204.7,1.2,-13,5000,-1.83,-2.10
24750,10.20,10.99,1.28,-219.2,203.8,0.4,-14,5000,-1.26,-4.06
24771,10.58,10.99,1.18,-219.4,202.9,-0.3,-16,5004,-2.00,-4.32
24793,10.08,11.01,3.28,-219.8,202.0,-0.2,-18,5004,-4.00,-4.46
24813,9.59,11.00,3.75,-219.5,201.0,0.6,-17,5004,-4.59,-4.73
24835,9.94,11.03,4.53,-220.3,200.1,-0.4,-20,5000,-1.08,-1.81
24856,10.00,11.02,2.18,-220.1,199.2,0.7,-20,5000,-0.31,-3.51
24877,10.39,10.99,0.63,-219.2,198.2,0.6,-20,5000,-3.44,-3.95
24898,10.35,10.96,0.61,-218.6,197.3,0.7,-20,5000,-4.89,-4.42
24920,10.80,11.01,3.36,-219.8,196.4,-1.5,-24,5004,-2.45,-3.40
24940,10.72,11.06,2.77,-221.0,195.4,-0.9,-26,5000,-1.18,-4.50
24962,10.09,11.05,2.02,-220.8,194.5,0.7,-25,5004,-2.57,-5.71
24983,9.57,11.01,2.85,-219.6,193.6,1.4,-24,5004,-4.55,-3.63
25004,9.56,10.97,2.65,-218.7,192.7,1.5,-24,5004,-2.30,-3.47
25025,10.00,10.90,0.55,-216.9,191.7,1.5,-23,5004,-0.73,-4.06
25047,10.75,10.84,-1.12,-215.6,190.8,0.7,-24,5000,-2.81,-4.12
25067,11.05,10.84,-0.12,-215.4,189.9,-0.4,-25,5004,-5.89,-4.22
25089,10.26,10.83,1.12,-215.2,189.0,0.6,-25,5004,-7.20,-4.02
25110,10.59,10.80,1.81,-214.5,188.1,-0.4,-26,5000,-3.79,-4.55
25131,10.99,10.84,4.36,-215.4,187.2,-2.5,-30,5004,-0.14,-4.08
25152,9.51,10.87,6.14,-216.3,186.3,-0.2,-30,5000,-0.61,-3.36
25174,9.12,10.82,2.16,-214.9,185.4,2.6,-26,5000,-2.02,-4.16
25194,8.99,10.66,-1.45,-210.9,184.5,4.4,-22,5000,-2.85,-4.46
25216,10.70,10.57,-2.08,-208.6,183.6,1.0,-24,5000,-2.75,-3.97
25237,11.07,10.57,-0.02,-208.7,182.7,-0.8,-26,5004,-3.77,-5.03
25257,10.53,10.64,5.48,-210.4,181.8,-2.3,-30,5000,-5.52,-3.63
25279,8.81,10.73,7.42,-212.8,180.9,0.5,-31,5004,-3.47,-1.83
25300,9.15,10.72,2.91,-212.4,180.0,2.1,-30,5000,0.96,-3.95
25321,9.18,10.57,-2.38,-208.9,179.1,4.5,-25,5000,0.77,-5.32
25342,10.38,10.51,-1.69,-207.2,178.2,1.5,-27,5000,-2.79,-2.77
25364,11.35,10.54,0.43,-207.9,177.4,-1.5,-32,5004,-4.16,-3.85
25384,11.44,10.61,2.36,-209.7,176.5,-2.5,-35,5000,-4.38,-5.20
25406,11.05,10.72,7.58,-212.6,175.6,-4.1,-41,5000,-4.75,-3.44
25427,8.97,10.79,6.64,-214.3,174.7,0.8,-38,5004,-3.10,-3.73
25448,9.87,10.69,3.63,-211.7,173.8,0.4,-37,5004,-1.77,-6.56
25469,9.87,10.67,4.61,-211.2,172.9,-0.1,-38,5004,-2.08,-1.16
25491,10.45,10.65,1.45,-210.9,172.0,0.2,-38,5004,-1.49,-3.08
25511,11.01,10.67,0.77,-211.4,171.1,-0.5,-40,5000,-1.92,-3.47
25533,10.54,10.73,3.55,-212.8,170.2,-0.8,-43,5004,-4.67,-3.10
25554,10.21,10.72,2.06,-212.4,169.3,0.5,-42,5004,-6.05,-4.97
25575,10.90,10.80,3.65,-214.5,168.4,-1.5,-47,5004,-4.50,-2.08
25596,10.46,10.85,2.71,-215.7,167.5,-0.0,-48,5004,-3.22,-2.57
25618,11.63,10.73,-0.35,-212.7,166.6,-1.1,-47,5000,-4.65,-4.81
25638,10.57,10.74,2.20,-213.0,165.7,-0.2,-47,5004,-3.91,-2.02
25660,10.38,10.67,0.77,-211.3,164.8,0.8,-45,5004,-2.98,-3.97
25681,11.85,10.80,2.79,-214.4,163.9,-3.0,-53,5000,-0.49,-4.44
25702,9.80,10.76,1.90,-213.4,163.0,1.6,-48,5004,-2.08,-5.58
25723,10.48,10.79,2.63,-214.2,162.1,-0.1,-52,5004,-3.02,-3.53
25745,10.66,10.75,1.75,-213.4,161.2,-0.1,-52,5004,-2.55,-3.75
25765,9.95,10.69,1.57,-211.8,160.3,1.4,-50,5000,-3.34,-4.75
25787,10.35,10.63,1.02,-210.3,159.4,0.8,-50,5000,-2.98,-4.75
25808,10.67,10.67,1.65,-211.2,158.5,-0.2,-52,5000,-2.53,-4.18
25829,11.58,10.72,1.98,-212.5,157.6,-2.1,-57,5000,-2.75,-4.89
25850,11.10,10.78,3.40,-214.1,156.7,-1.7,-59,5004,-4.14,-5.87
25872,9.82,10.78,4.71,-213.9,155.8,0.3,-57,5000,-1.65,-3.73
25892,10.82,10.86,5.01,-215.9,154.9,-1.7,-62,5000,-1.67,-4.93
25914,9.25,10.74,1.37,-213.0,153.9,3.2,-55,5000,-2.41,-5.73
25935,9.57,10.66,1.20,-211.0,153.1,2.4,-55,5000,-1.75,-0.39
25956,10.68,10.65,0.24,-210.8,152.2,0.6,-58,5004,-1.83,-1.53
25977,12.21,10.74,1.90,-213.0,151.3,-3.2,-64,5004,-3.26,-6.01
25999,11.40,10.74,1.61,-213.0,150.4,-1.4,-64,5004,-6.18,-5.71
26019,9.78,10.75,4.50,-213.2,149.5,0.5,-63,5000,-4.50,-1.96
26041,9.51,10.72,3.26,-212.5,148.6,1.7,-62,5004,-1.20,-2.67
26062,10.07,10.65,1.77,-210.8,147.7,1.2,-61,5004,0.55,-3.91
26083,11.30,10.69,2.24,-211.7,146.8,-1.6,-66,5000,0.75,-3.24
26104,11.11,10.74,2.73,-213.0,145.9,-1.3,-68,5000,-4.55,-4.14
26126,9.82,10.67,0.12,-211.2,145.0,2.5,-63,5000,-7.75,-3.83
26146,10.51,10.59,1.41,-209.3,144.1,0.4,-64,5004,-6.20,-1.35
26168,11.59,10.57,0.10,-208.6,143.2,-1.3,-66,5004,-2.41,-4.10
26189,12.05,10.66,3.73,-210.9,142.3,-3.9,-72,5000,-0.33,-4.14
26210,11.23,10.80,7.62,-214.5,141.4,-3.9,-76,5004,0.08,-2.24
26231,11.74,10.93,6.09,-217.7,140.5,-3.9,-81,5000,0.26,-2.73
26253,10.99,10.82,-0.82,-215.0,139.6,0.9,-74,5004,-3.20,-7.07
26273,12.03,10.78,-0.31,-214.1,138.7,-1.5,-76,5004,-4.44,-3.02
26295,10.34,10.72,-3.57,-212.4,137.8,3.4,-71,5000,-5.34,-6.30
26316,11.11,10.71,0.88,-212.4,136.9,-0.4,-75,5004,-3.93,-4.89
26337,9.72,10.79,5.63,-214.3,136.0,0.2,-78,5004,-2.26,-3.61
26358,8.83,10.81,3.71,-214.8,135.1,3.1,-76,5000,-0.86,-4.93
26380,10.39,10.75,1.47,-213.2,134.2,0.9,-78,5004,-2.24,-5.32
26400,10.91,10.73,2.96,-212.7,133.3,-1.0,-80,5000,-2.63,-1.83
26422,10.37,10.68,-0.39,-211.4,132.4,1.8,-77,5004,-2.41,-4.75
26443,12.08,10.67,-0.75,-211.3,131.5,-1.6,-81,5004,-2.22,-5.75
26464,10.99,10.72,3.18,-212.4,130.6,-1.3,-83,5004,-3.57,-2.61
26485,10.27,10.73,2.55,-212.9,129.7,0.6,-82,5000,-6.07,-5.42
26507,8.58,10.59,-0.90,-209.3,128.8,5.5,-74,5004,-6.50,-6.09
26527,11.43,10.53,1.98,-207.6,127.9,-1.9,-81,5000,-0.86,-0.86
26549,11.89,10.57,2.43,-208.8,127.0,-3.0,-84,5000,0.77,-2.79
26570,10.53,10.65,1.30,-210.6,126.1,0.5,-84,5004,-0.06,-4.83
26591,10.32,10.73,5.38,-212.7,125.2,-1.0,-88,5000,-3.47,-2.57
26612,10.36,10.64,-1.06,-210.6,124.3,2.0,-84,5000,-4.34,-4.99
26634,9.37,10.56,-2.24,-208.4,123.4,4.5,-80,5004,-3.30,-4.02
26654,10.83,10.61,3.14,-209.7,122.6,-1.1,-88,5000,-5.52,-3.85
26676,10.57,10.65,3.71,-210.7,121.7,-0.8,-89,5004,-4.79,-4.28
26697,9.04,10.56,0.59,-208.4,120.8,3.8,-83,5004,0.65,-4.18
26718,9.96,10.54,0.71,-207.9,119.9,1.8,-86,5004,-0.69,-3.24
26739,11.95,10.54,0.75,-208.0,119.0,-2.3,-91,5004,-4.00,-4.75
26761,11.85,10.57,1.92,-208.8,118.1,-2.7,-93,5004,-4.30,-4.69
26781,9.43,10.60,2.51,-209.4,117.3,2.0,-90,5004,-6.64,-4.73
26803,11.39,10.56,0.39,-208.4,116.4,-1.0,-93,5004,-1.59,-5.40
26824,10.04,10.65,2.77,-210.8,115.5,0.7,-94,5000,-1.02,-4.46
26845,11.59,10.71,5.28,-212.4,114.6,-3.6,-101,5004,0.39,-5.08
26866,8.27,10.63,2.14,-210.1,113.7,4.7,-91,5000,-2.59,-5.50
26888,11.05,10.56,1.22,-208.6,112.8,-0.7,-96,5000,-5.56,-1.98
26908,10.95,10.53,0.33,-207.6,111.9,-0.1,-95,5000,-3.95,-2.30
26930,10.70,10.50,-1.53,-206.9,111.0,1.3,-94,5004,-2.61,-3.89
26951,12.29,10.46,0.51,-206.0,110.2,-3.1,-98,5000,-5.38,-5.08
26972,10.29,10.51,5.91,-207.3,109.3,-1.6,-99,5004,-1.37,-2.10
26993,11.25,10.56,3.77,-208.5,108.4,-2.4,-102,5000,-2.49,-4.44
27015,10.63,10.55,0.77,-208.2,107.5,0.4,-100,5004,-2.81,-2.61
27035,12.31,10.56,-0.63,-208.5,106.7,-2.4,-104,5000,-3.69,-2.38
27057,11.67,10.47,-1.94,-206.3,105.8,-0.6,-101,5000,-5.46,-7.77
27078,10.59,10.47,2.12,-206.3,104.9,-0.4,-101,5004,-5.50,-3.65
27100,11.38,10.57,6.89,-208.8,104.0,-4.2,-109,5000,-1.79,-3.28
27120,10.40,10.72,6.20,-212.4,103.1,-1.6,-110,5004,-1.12,-4.14
27142,9.60,10.63,1.51,-210.4,102.2,2.3,-105,5000,-1.45,-2.71
27163,10.37,10.53,-4.28,-207.7,101.3,3.4,-102,5000,-1.96,-5.01
27185,11.79,10.52,2.63,-207.6,100.5,-3.0,-110,5004,-1.22,-2.45
27205,11.61,10.67,6.73,-211.3,99.6,-4.4,-116,5000,-3.38,-2.49
27227,10.70,10.68,4.85,-211.6,98.7,-1.5,-114,5004,-4.73,-5.03
27248,11.45,10.67,0.88,-211.2,97.8,-1.1,-114,5004,-5.24,-7.85
27269,11.04,10.60,0.59,-209.5,96.9,-0.3,-112,5000,-5.56,-4.14
27290,11.05,10.73,4.26,-212.8,96.0,-1.9,-118,5004,-3.79,-3.12
27312,9.57,10.78,5.54,-213.9,95.1,0.6,-118,5000,-1.45,-4.40
27332,10.63,10.72,2.85,-212.4,94.2,-0.3,-118,5000,-4.10,-3.91
27354,11.07,10.73,3.73,-212.7,93.3,-1.6,-120,5004,-3.97,-1.59
27375,11.16,10.78,2.06,-213.9,92.4,-0.9,-122,5000,-4.46,-3.28
27396,12.70,10.77,0.79,-213.9,91.5,-3.4,-125,5004,-4.93,-5.46
27417,11.73,10.84,5.97,-215.6,90.6,-3.9,-128,5000,-2.79,-3.32
27439,8.72,10.82,1.88,-215.0,89.7,4.3,-121,5000,-2.94,-2.24
27459,9.36,10.79,-0.51,-214.2,88.8,4.2,-121,5000,-0.86,-3.79
27481,11.42,10.77,1.47,-213.7,87.8,-1.1,-126,5004,1.47,-3.40
27502,9.95,10.79,0.67,-214.3,86.9,2.3,-125,5004,-1.08,-9.85
27523,12.13,10.96,6.30,-218.4,86.0,-4.7,-137,5004,-6.89,-2.18
27544,8.17,10.91,3.36,-217.3,85.1,4.9,-127,5000,0.39,-0.75
27566,11.08,10.87,1.30,-216.3,84.2,-0.1,-132,5004,-2.96,-4.16
27586,13.85,10.89,5.56,-216.7,83.3,-7.9,-141,5004,-2.73,-2.28
27608,9.45,11.02,7.40,-220.1,82.3,0.5,-137,5004,-1.83,-3.55
27629,10.22,11.05,3.02,-220.8,81.4,1.2,-138,5000,-0.90,-11.62
27650,11.83,11.05,1.16,-220.8,80.5,-1.2,-141,5000,-3.63,-5.06
27671,11.52,11.17,7.68,-223.8,79.5,-3.6,-147,5000,0.86,-6.22
27693,8.87,11.28,3.77,-226.5,78.6,4.0,-143,5004,-4.85,-3.81
27713,14.23,11.44,6.18,-230.4,77.6,-7.9,-160,5000,-0.08,-10.91
27735,10.59,11.47,12.05,-231.3,76.6,-3.3,-157,5000,0.37,-2.71
27756,11.83,11.66,1.98,-236.1,75.6,-0.4,-160,5004,-0.47,-3.26
27777,14.07,11.67,-4.36,-236.3,74.6,-1.9,-163,5004,-3.49,-7.13
27798,13.88,11.72,-3.34,-237.6,73.6,-2.0,-165,5000,-5.10,-2.94
27820,10.62,11.75,2.18,-238.3,72.6,2.0,-163,5000,-4.99,-0.86
27840,10.72,11.71,4.59,-237.1,71.6,0.5,-165,5004,-1.88,-3.38
27862,5.67,11.59,9.40,-234.3,70.6,8.4,-155,5004,2.91,-5.38
27883,4.84,11.32,4.24,-227.6,69.6,12.4,-145,5000,0.49,-0.16
27904,7.31,11.15,1.49,-223.3,68.7,8.4,-146,5000,-0.73,-1.18
27925,9.99,10.86,-4.08,-216.0,67.8,5.2,-143,5000,-4.24,-5.36
27947,11.96,10.80,1.98,-214.4,66.9,-2.0,-149,5004,-5.61,0.12
27967,11.35,11.08,4.63,-221.5,65.9,-1.6,-157,5004,-6.85,-6.09
27988,11.70,11.31,5.38,-227.1,65.0,-2.3,-164,5004,-4.12,-5.81
28010,7.81,11.31,2.24,-227.2,64.0,7.2,-156,5004,-3.14,-6.01
28030,10.40,11.17,2.04,-223.8,63.1,1.8,-158,5000,-2.18,-5.24
28052,9.20,11.21,8.42,-224.7,62.1,1.1,-161,5004,0.20,1.35
28073,9.59,11.21,2.41,-224.8,61.1,3.4,-160,5004,-0.63,-2.02
28094,12.36,11.29,6.38,-226.7,60.2,-4.1,-170,5000,0.00,-3.34
28115,12.74,11.51,9.48,-232.2,59.2,-6.1,-179,5000,-1.51,-5.42
28137,7.65,8.49,-0.35,-156.7,58.5,4.8,-93,5000,-1.61,-8.64
28157,13.12,9.24,36.98,-175.5,57.8,-23.9,-141,5000,-2.34,-4.67
28179,13.39,9.52,5.30,-182.5,57.0,-8.1,-133,5000,-0.65,-8.97
28200,13.74,8.97,-5.14,-168.8,56.3,-4.6,-117,5000,2.30,-10.29
28221,10.34,9.41,11.23,-179.8,55.5,-5.2,-129,5004,-2.75,7.79
28242,10.87,9.89,3.59,-191.7,54.7,-1.7,-138,5000,-6.71,-5.46
28264,10.14,9.82,-6.09,-189.9,53.9,4.5,-131,5004,-5.01,-14.31
28284,12.15,9.83,-2.06,-190.2,53.1,-1.8,-138,5004,-7.87,0.00
28306,10.38,9.76,-5.48,-188.6,52.3,3.4,-132,5000,-1.63,-0.90
28326,17.27,10.08,-0.53,-196.6,51.5,-12.8,-157,5000,-2.73,-2.36
28348,10.59,10.39,0.41,-204.2,50.7,0.9,-152,5000,-1.04,-4.48
28369,11.83,10.30,-1.88,-201.9,49.8,-0.6,-152,5004,0.16,-4.40
28390,14.56,10.37,-5.08,-203.8,48.9,-4.7,-159,5000,-0.26,-7.75
28411,15.01,7.66,4.61,-135.9,48.4,-14.5,-102,5004,-5.50,-0.82
28433,18.46,8.42,23.26,-155.0,47.8,-29.7,-136,5000,-0.41,-1.08
28454,11.71,8.80,5.32,-164.5,47.1,-6.2,-123,5000,0.41,-16.55
28475,9.94,8.52,-8.28,-157.5,46.4,3.6,-107,5000,0.82,-11.62
28496,12.70,9.00,8.34,-169.5,45.7,-9.6,-133,5004,1.08,5.26
28517,11.43,9.27,8.91,-176.3,45.0,-6.8,-138,5000,1.18,-4.63
28538,10.91,9.39,-1.53,-179.2,44.2,-0.4,-135,5000,2.10,-10.38
28560,10.96,9.56,3.51,-183.5,43.4,-2.8,-142,5004,-3.04,0.59
28580,11.81,9.69,-4.06,-186.8,42.6,-0.7,-144,5004,-2.81,-5.83
28602,13.37,9.85,-2.20,-190.7,41.9,-4.6,-153,5000,-10.52,-4.57
28623,13.90,10.17,4.10,-198.8,41.0,-8.4,-166,5000,-5.85,-5.06
28644,11.16,10.39,6.05,-204.3,40.2,-3.4,-167,5000,-5.32,-1.61
28665,12.09,10.53,0.98,-207.7,39.3,-2.5,-170,5004,-1.47,-1.61
28687,11.01,10.55,-0.61,-208.3,38.4,0.5,-169,5000,0.04,-6.48
28707,12.20,10.55,-0.02,-208.2,37.5,-2.3,-172,5000,-1.79,-1.32
28729,12.52,10.42,-5.10,-204.9,36.7,-0.7,-168,5000,-2.83,-2.45
28750,12.74,10.31,-3.28,-202.3,35.8,-2.3,-168,5000,-5.22,-6.58
28772,9.53,10.21,2.38,-199.7,35.0,1.3,-163,5004,-5.20,-5.46
28792,7.88,10.10,1.06,-196.9,34.1,5.2,-157,5004,-5.20,-5.77
28814,11.40,10.05,-4.48,-195.7,33.3,0.6,-161,5004,-2.55,-4.28
28834,10.86,10.05,-3.85,-195.8,32.5,1.4,-162,5004,0.88,-2.12
28856,11.38,10.01,-4.50,-194.8,31.6,0.5,-162,5004,2.45,-2.98
28877,10.01,9.84,-8.58,-190.4,30.8,5.0,-154,5000,-1.61,-2.36
28898,11.34,9.46,-14.61,-181.0,30.0,4.5,-146,5000,-7.30,-2.98
28919,5.81,8.84,-17.81,-165.5,29.3,16.3,-119,5000,-6.87,-0.88
28941,12.97,8.43,-22.71,-155.4,28.6,3.2,-123,5004,-7.73,0.08
28961,6.37,8.07,-32.21,-146.3,28.0,20.6,-97,5000,-3.16,3.97
28983,10.56,7.42,-37.44,-130.1,27.4,13.2,-89,5004,-0.77,-7.03
29004,10.91,6.81,-32.59,-114.7,26.9,8.7,-79,5004,-9.58,-3.24
29025,5.81,6.57,-21.75,-108.6,26.4,13.1,-69,5000,-9.76,5.18
29046,8.17,6.17,-26.34,-98.8,26.0,9.7,-63,5000,-3.30,-8.36
29068,9.17,5.81,-22.58,-89.9,25.6,4.9,-59,5000,-2.47,-11.70
29088,8.51,5.83,-3.75,-90.1,25.2,-3.2,-68,5004,-4.99,-1.85
29110,7.00,6.12,7.24,-97.4,24.8,-5.2,-77,5000,-2.98,-1.26
29130,5.20,6.24,3.00,-100.5,24.4,0.9,-75,5004,-0.29,-5.46
29152,1.86,5.96,-11.58,-93.5,24.0,14.5,-54,5000,-1.47,-11.15
29172,8.54,5.83,-7.48,-90.1,23.6,-1.5,-68,5000,-2.69,-3.47
29194,7.11,5.77,-2.34,-88.7,23.3,-1.3,-66,5004,-7.93,-1.69
29214,5.99,5.72,-3.59,-87.6,22.9,1.5,-63,5004,-8.13,-4.61
29236,5.13,5.54,-9.38,-83.0,22.5,5.8,-54,5004,-5.71,-8.58
29256,6.32,5.40,-6.07,-79.6,22.2,1.4,-55,5004,-2.89,-3.55
29278,5.85,5.42,-1.24,-79.9,21.9,-0.1,-58,5004,-1.63,-1.39
29298,6.21,5.45,-1.79,-80.7,21.5,-0.5,-59,5000,-2.24,-6.44
29320,4.61,5.34,-6.54,-78.0,21.2,4.9,-51,5000,-4.26,-8.91
29340,4.66,5.10,-9.05,-71.9,20.9,5.6,-45,5000,-4.48,-8.21
29362,4.38,4.88,-6.99,-66.5,20.6,4.7,-41,5004,-4.95,-5.24
29382,5.36,4.77,-4.30,-63.6,20.3,1.1,-42,5004,-4.55,-4.50
29404,5.78,4.76,-0.20,-63.6,20.1,-1.8,-45,5000,-1.04,-4.73
29424,4.87,4.77,-0.47,-63.8,19.8,0.2,-43,5004,0.06,-8.11
29446,4.09,4.70,0.35,-62.1,19.5,1.3,-41,5000,-1.77,-4.79
29466,4.76,4.70,-0.26,-62.1,19.3,0.2,-42,5000,-6.36,-3.06
29488,4.13,4.56,-4.50,-58.4,19.0,3.3,-36,5000,-8.17,-5.44
29508,4.54,4.34,-5.58,-53.1,18.8,2.7,-31,5000,-4.42,-6.20
29530,4.85,4.29,-1.90,-51.6,18.6,0.1,-33,5000,-1.32,-4.53
29550,4.77,4.26,-1.14,-50.9,18.4,-0.2,-32,5000,-0.73,-6.58
29572,5.43,4.37,3.65,-53.7,18.1,-3.8,-39,5000,-3.73,-3.32
29592,3.67,4.48,6.64,-56.4,17.9,-1.5,-39,5000,-4.97,-2.75
29613,2.55,4.47,2.26,-56.3,17.7,3.1,-35,5004,-5.03,-5.24
29634,3.64,4.29,-2.71,-51.8,17.4,3.0,-31,5000,-3.85,-6.40
29655,4.24,4.18,-4.79,-48.9,17.2,2.6,-29,5000,-3.30,-4.26
29676,4.47,4.14,-1.57,-47.9,17.0,0.4,-30,5004,-4.18,-3.79
29697,4.24,4.09,-0.06,-46.8,16.8,0.1,-29,5000,-4.36,-5.01
29718,3.22,4.03,-1.94,-45.2,16.6,3.0,-25,5000,-3.14,-6.62
29739,3.79,3.89,-3.28,-41.6,16.5,2.2,-22,5004,-2.77,-7.17
29760,4.20,3.86,1.16,-41.1,16.3,-0.9,-25,5000,-4.38,-1.81
29780,3.61,3.80,-0.71,-39.5,16.1,1.2,-22,5000,-4.14,-4.14
29802,3.59,3.70,-2.83,-36.9,16.0,2.1,-18,5000,-1.65,-6.28
29822,4.17,3.73,1.41,-37.7,15.8,-1.2,-23,5004,-0.98,-2.61
29844,3.56,3.77,2.53,-38.7,15.6,-0.4,-23,5000,-3.28,-3.16
29864,2.78,3.71,0.43,-37.2,15.5,2.1,-19,5004,-4.81,-4.38
29886,3.84,3.64,0.08,-35.4,15.3,0.0,-20,5000,-1.65,-3.83
29906,4.74,3.71,3.55,-37.1,15.2,-3.4,-25,5004,-1.49,-3.12
29928,4.52,3.77,3.77,-38.8,15.0,-3.0,-26,5004,-4.83,-5.26
29948,3.18,3.79,2.61,-39.3,14.9,0.4,-24,5000,-7.34,-3.87
29970,2.61,3.76,0.14,-38.6,14.7,2.7,-21,5000,-3.12,-2.91
29990,3.48,3.65,-2.22,-35.8,14.5,1.9,-19,5000,0.45,-5.79
30012,4.72,3.70,3.38,-37.0,14.4,-3.3,-25,5004,0.14,-3.69
30032,3.47,3.86,8.01,-41.1,14.2,-2.8,-29,5000,-3.34,-2.81
30053,1.59,3.83,3.81,-40.2,14.0,3.2,-23,5004,-7.26,-4.87
30074,2.05,3.67,-2.71,-36.3,13.9,5.3,-17,5004,-4.79,-4.87
30095,3.11,3.51,-4.99,-32.2,13.7,3.9,-14,5000,-2.45,-4.16
30116,4.59,3.45,-3.04,-30.7,13.6,-0.2,-17,5000,-2.47,-5.10
30137,5.09,3.55,2.91,-33.2,13.5,-4.1,-23,5000,-3.63,-4.71
30158,3.02,3.62,4.55,-35.1,13.3,-0.5,-22,5004,-4.93,-4.65
30179,2.35,3.55,0.65,-33.4,13.2,2.7,-17,5000,-3.22,-6.40
30200,3.19,3.45,1.04,-30.8,13.1,0.6,-17,5000,-0.20,-3.87
30221,3.26,3.42,1.20,-30.0,12.9,0.4,-16,5000,-1.85,-3.59
30242,3.24,3.39,-0.79,-29.2,12.8,1.3,-15,5000,-4.61,-5.95
30263,2.88,3.29,-1.83,-26.7,12.7,2.4,-11,5000,-5.34,-5.12
30284,3.96,3.28,0.39,-26.5,12.6,-1.0,-14,5000,-4.57,-1.81
30305,4.57,3.38,4.44,-29.0,12.5,-4.0,-20,5000,-2.61,-1.57
30326,3.39,3.42,0.88,-29.9,12.3,0.2,-17,5004,-0.43,-5.85
30347,3.71,3.41,-0.29,-29.6,12.2,0.1,-17,5000,-0.26,-5.36
30368,3.51,3.38,0.55,-29.0,12.1,0.1,-16,5000,-1.75,-3.30
30389,3.55,3.45,4.22,-30.7,12.0,-1.7,-20,5000,-2.69,-2.94
30410,3.02,3.51,5.44,-32.3,11.8,-1.1,-21,5000,-3.02,-5.50
30431,2.42,3.48,3.26,-31.6,11.7,1.2,-18,5004,-3.47,-5.97
30451,2.55,3.41,1.65,-29.7,11.6,1.6,-16,5000,-3.04,-2.73
30473,3.78,3.41,1.77,-29.7,11.5,-1.0,-19,5004,-0.16,-1.75
30493,3.89,3.49,3.28,-31.8,11.3,-1.8,-22,5004,0.73,-3.61
30515,3.17,3.60,4.69,-34.5,11.2,-0.8,-24,5000,-2.38,-4.44
30535,2.87,3.61,3.91,-34.8,11.0,0.2,-23,5000,-5.83,-3.77
30557,2.28,3.55,2.71,-33.3,10.9,2.0,-20,5004,-5.87,-2.53
30577,3.38,3.48,-0.08,-31.6,10.8,1.0,-19,5000,-1.59,-2.67
30599,3.41,3.44,-0.51,-30.5,10.6,1.1,-18,5000,0.35,-4.28
30619,3.65,3.42,-0.14,-29.9,10.5,0.4,-19,5000,-0.86,-4.20
30641,4.13,3.44,1.79,-30.6,10.4,-1.6,-21,5004,-4.26,-2.73
30661,3.48,3.52,3.87,-32.4,10.2,-1.1,-23,5000,-4.55,-2.63
30683,3.83,3.60,3.63,-34.6,10.1,-1.6,-26,5000,-3.16,-4.61
30703,2.75,3.58,1.77,-33.9,10.0,1.5,-22,5004,-2.34,-6.46
30725,2.57,3.50,1.43,-32.0,9.8,1.9,-20,5000,-3.57,-3.38
30745,2.90,3.44,2.24,-30.5,9.7,0.8,-20,5008,-2.73,-1.81
30767,3.37,3.39,0.96,-29.3,9.6,0.4,-19,5004,-0.06,-3.65
30787,2.99,3.32,-0.86,-27.5,9.5,1.9,-16,5000,-1.32,-5.83
30808,3.37,3.29,1.04,-26.8,9.3,0.2,-17,5000,-3.81,-4.20
30829,3.34,3.33,3.49,-27.6,9.2,-0.9,-19,5004,-5.71,-1.30
30850,3.43,3.37,3.04,-28.8,9.1,-0.8,-20,5004,-4.22,-1.24
30871,3.53,3.37,0.08,-28.7,9.0,0.5,-19,5000,0.02,-5.20
30892,4.85,3.41,2.63,-29.8,8.9,-3.5,-24,5004,0.04,-2.43
30912,5.28,3.52,4.16,-32.4,8.7,-4.9,-28,5004,-1.41,-2.89
30934,4.56,3.65,6.71,-35.7,8.6,-4.5,-31,5000,-2.28,-4.36
30954,3.69,3.77,9.32,-38.7,8.4,-3.8,-34,5000,-3.26,-2.24
30976,2.74,3.82,6.91,-40.1,8.3,-0.5,-32,5000,-2.12,-3.10
30996,2.34,3.77,2.45,-38.7,8.1,2.5,-28,5004,-0.35,-5.24
31017,2.98,3.65,0.43,-35.9,7.9,2.0,-25,5000,-2.20,-3.55
31038,2.90,3.54,-0.39,-33.0,7.8,2.4,-22,5004,-4.16,-2.55
31058,4.22,3.54,0.82,-33.1,7.7,-0.9,-26,5004,-2.20,-2.38
31080,4.20,3.54,-1.24,-33.0,7.5,0.2,-25,5000,-2.91,-5.26
31100,3.57,3.52,-0.26,-32.4,7.4,0.9,-24,5000,-4.08,-5.42
31122,4.43,3.54,2.08,-33.0,7.3,-2.0,-27,5000,-3.65,-4.10
31142,4.47,3.66,5.01,-36.0,7.1,-3.4,-32,5004,-1.57,-4.42
31164,2.70,3.71,3.12,-37.3,7.0,1.3,-29,5004,-2.96,-6.46
31184,2.58,3.59,-1.22,-34.2,6.8,3.5,-23,5000,-4.69,-6.01
31205,3.10,3.48,-0.94,-31.6,6.7,2.2,-22,5004,-3.69,-3.00
31226,3.38,3.40,-1.43,-29.5,6.5,1.7,-21,5000,-2.28,-4.26
31247,4.09,3.38,-0.53,-28.9,6.4,-0.3,-22,5004,-1.04,-5.46
31268,4.55,3.48,5.01,-31.5,6.3,-3.8,-29,5000,-1.83,-3.59
31289,3.22,3.62,6.01,-35.0,6.2,-1.4,-30,5004,-4.14,-3.14
31310,2.86,3.63,2.57,-35.1,6.0,1.1,-28,5004,-3.38,-5.30
31331,2.43,3.54,-0.57,-32.9,5.9,3.4,-23,5000,-0.71,-6.83
31352,4.00,3.48,0.53,-31.5,5.7,-0.5,-26,5000,-1.96,-4.00
31373,3.99,3.56,5.20,-33.5,5.6,-2.6,-30,5000,-4.59,-2.32
31393,3.55,3.56,4.12,-33.6,5.5,-1.2,-29,5000,-5.44,-4.42
31415,2.44,3.45,-0.63,-30.9,5.3,3.3,-22,5000,-2.43,-4.18
31435,3.02,3.27,-3.73,-26.3,5.2,3.3,-17,5000,-0.10,-4.63
31457,4.79,3.27,-0.65,-26.3,5.1,-1.9,-23,5004,-2.10,-3.28
31477,4.62,3.38,3.34,-29.1,5.0,-3.3,-27,5004,-5.81,-4.61
31499,3.09,3.42,2.69,-29.9,4.9,0.2,-24,5004,-7.01,-5.22
31519,1.81,3.31,-1.77,-27.2,4.7,4.8,-17,5000,-3.12,-4.95
31540,2.58,3.17,-4.00,-23.8,4.6,4.1,-15,5000,-0.33,-6.34
31561,3.86,3.11,-1.18,-22.2,4.5,-0.0,-17,5000,-0.73,-5.81
31582,2.63,3.08,0.73,-21.5,4.4,1.4,-15,5000,-2.98,-6.03
31603,2.16,3.03,1.79,-20.2,4.4,1.8,-14,5004,-5.34,-4.12
31624,1.70,2.91,-2.14,-17.3,4.3,4.5,-8,5004,-2.85,-4.04
31645,1.01,2.56,-10.86,-8.5,4.2,9.6,5,5000,-0.51,-8.70
31666,5.69,2.65,5.42,-10.8,4.2,-8.0,-14,5000,4.08,-0.08
31686,1.27,2.60,3.81,-9.5,4.2,1.7,-3,5000,-2.22,-4.30
31708,-1.27,2.52,-2.77,-7.4,4.1,10.1,6,5000,-2.94,-6.24
31728,6.88,2.46,3.79,-6.0,4.1,-10.0,-11,5000,-7.11,-2.41
31750,5.03,2.66,13.33,-11.0,4.1,-10.6,-17,5000,-3.71,-0.71
31770,2.39,2.75,5.65,-13.4,4.0,-1.2,-10,5000,-2.71,-3.51
31792,0.23,2.71,-0.88,-12.3,4.0,6.4,-1,5004,0.79,-1.47
31812,1.49,2.41,-4.63,-4.9,3.9,5.2,4,5000,2.51,-0.84
31833,7.96,2.76,9.95,-13.4,3.9,-14.7,-24,5004,-1.20,0.00
31854,3.33,3.05,10.03,-20.8,3.8,-4.8,-21,5004,-5.81,-4.89
31875,-0.18,2.72,-4.85,-12.5,3.7,9.3,0,5000,-5.73,-13.58
31896,-0.33,2.52,-2.63,-7.5,3.7,8.1,4,5000,-4.75,1.06
31917,4.76,2.68,5.18,-11.4,3.6,-5.9,-13,5004,-6.05,3.89
31937,3.72,2.65,0.77,-10.8,3.6,-1.6,-8,5000,-3.73,-11.23
31959,0.32,2.38,-3.77,-4.1,3.6,7.1,6,5000,0.61,-8.87
31979,2.21,2.60,7.91,-9.4,3.5,-2.2,-8,5004,-4.53,5.14
32000,2.94,2.79,4.36,-14.2,3.5,-1.5,-12,5000,-6.01,-2.81
32021,1.58,2.67,-4.55,-11.3,3.4,5.5,-2,5004,-7.87,-12.21
32041,5.29,2.48,1.39,-6.6,3.4,-5.4,-8,5004,-1.00,-0.22
32063,5.56,2.59,3.34,-9.2,3.4,-6.8,-12,5004,-2.73,-2.73
32083,4.64,2.79,4.50,-14.3,3.3,-5.1,-16,5004,-3.59,-5.81
32105,1.85,2.82,1.57,-15.0,3.3,2.1,-9,5000,-3.49,-6.42
32125,-0.35,2.53,-2.12,-7.8,3.2,7.9,3,5004,-2.34,0.02
32146,3.17,2.70,-0.59,-12.0,3.2,0.2,-8,5000,-3.06,-1.26
32167,3.84,2.84,6.24,-15.5,3.1,-4.3,-16,5000,-1.88,-3.40
32188,1.51,2.92,4.48,-17.5,3.0,1.5,-13,5004,-1.39,-5.06
32208,2.34,2.95,1.88,-18.3,3.0,1.2,-14,5000,-2.45,-0.22
32230,3.32,2.61,-8.19,-9.8,2.9,3.6,-3,5000,-2.12,-6.89
32250,4.56,2.70,0.71,-12.0,2.9,-3.2,-12,5004,-3.83,0.29
32272,1.78,2.92,7.66,-17.4,2.8,-0.6,-15,5004,-4.83,-5.79
32292,0.60,2.96,7.99,-18.5,2.7,1.7,-14,5000,-0.69,-4.42
32313,-1.90,2.79,-1.28,-14.2,2.6,11.2,0,5004,-3.06,-1.77
32334,6.17,2.65,-3.61,-10.8,2.6,-4.4,-12,5004,-4.97,-4.26
32355,4.29,2.75,3.32,-13.1,2.6,-3.9,-14,5004,-3.65,-3.71
32376,3.55,2.83,0.88,-15.4,2.5,-1.1,-13,5004,-5.85,-6.38
32397,2.12,2.93,4.46,-17.7,2.4,0.2,-15,5004,-4.42,-2.45
32418,2.17,2.77,0.71,-13.9,2.4,1.8,-9,5004,-2.98,-6.52
32439,1.53,2.73,0.86,-12.7,2.3,2.9,-7,5004,-1.71,-4.53
32459,3.16,2.66,1.73,-10.9,2.3,-1.0,-9,5000,-3.67,-6.56
32481,1.84,2.64,2.28,-10.4,2.2,1.4,-6,5004,-4.30,-4.28
32501,2.03,2.57,-0.24,-8.8,2.2,2.2,-4,5004,-4.32,-3.87
32522,2.53,2.51,-0.63,-7.3,2.1,1.3,-3,5000,-2.81,-3.16
32543,2.57,2.47,-0.45,-6.2,2.1,1.0,-3,5004,-4.34,-4.38
32564,2.82,2.52,3.18,-7.4,2.1,-1.3,-6,5000,-4.08,-3.71
32585,2.32,2.54,2.22,-7.9,2.0,0.3,-5,5004,-4.24,-3.73
32606,2.95,2.49,-0.47,-6.7,2.0,0.2,-4,5004,-2.20,-5.10
32626,3.16,2.51,1.02,-7.3,2.0,-0.9,-6,5000,-2.10,-4.16
32647,2.53,2.53,2.53,-7.8,2.0,-0.3,-6,5000,-5.54,-3.83
32668,2.79,2.52,0.88,-7.5,1.9,-0.1,-5,5000,-5.26,-3.65
32689,3.25,2.52,0.88,-7.5,1.9,-1.0,-6,5000,0.16,-3.73
32709,3.51,2.57,1.32,-8.7,1.9,-1.7,-8,5004,0.67,-4.93
32731,3.50,2.63,2.06,-10.2,1.8,-2.0,-10,5004,-1.59,-6.03
32751,3.17,2.69,4.44,-11.7,1.8,-2.4,-12,5004,-6.83,-4.71
32773,1.49,2.64,3.10,-10.5,1.7,1.7,-7,5004,-7.66,-4.63
32793,1.21,2.51,-0.49,-7.2,1.7,3.8,-1,5004,-4.40,-4.42
32814,2.52,2.43,-0.96,-5.2,1.7,1.2,-2,5000,-1.69,-3.79
32835,3.29,2.48,3.18,-6.6,1.6,-2.3,-7,5000,-1.47,-3.08
32856,2.81,2.57,4.28,-8.8,1.6,-1.7,-8,5000,-3.87,-3.20
32876,1.65,2.50,-0.82,-7.1,1.6,3.1,-2,5004,-5.73,-5.18
32898,2.54,2.44,-1.71,-5.5,1.5,1.6,-2,5000,-4.79,-3.79
32918,3.41,2.44,0.79,-5.5,1.5,-1.5,-5,5004,-4.32,-3.77
32939,2.27,2.45,1.75,-5.7,1.5,0.4,-3,5004,-3.55,-5.38
32960,1.78,2.43,1.39,-5.3,1.5,1.5,-2,5000,-4.08,-5.24
32980,2.06,2.35,-0.59,-3.2,1.5,1.8,0,5000,-4.08,-4.22
33001,2.45,2.29,0.12,-1.8,1.5,0.5,0,5004,-2.47,-2.28
33022,2.72,2.49,6.20,-6.7,1.4,-2.7,-8,5004,-0.47,-0.04
33043,2.54,2.46,1.55,-5.9,1.4,-0.0,-4,5000,-1.65,-10.82
33063,1.38,2.17,-5.97,1.4,1.4,5.5,8,5000,-2.91,-10.19
33085,6.80,2.40,14.84,-4.5,1.4,-15.5,-18,5000,-6.87,-0.39
33105,1.84,2.58,8.68,-8.9,1.4,-2.0,-9,5000,-9.38,-4.36
33127,-3.33,1.97,-18.22,6.2,1.4,21.0,28,5004,-6.99,-15.04
33147,6.28,2.15,9.64,1.7,1.4,-12.3,-9,5000,6.62,5.01
33169,1.77,2.52,7.28,-7.4,1.4,-1.2,-7,5004,-3.61,0.55
33189,-1.48,1.92,-23.13,7.6,1.4,19.5,28,5004,-9.62,-22.30
33210,7.20,2.26,13.11,-1.0,1.4,-15.8,-15,5000,-0.67,4.99
33231,1.01,2.59,10.74,-9.2,1.3,-1.4,-9,5000,-6.77,-0.22
33252,2.36,2.30,-8.15,-2.1,1.3,4.9,4,5000,-6.73,-21.44
33273,3.80,2.51,13.11,-7.3,1.3,-8.4,-14,5000,5.12,2.75
33294,-1.23,2.62,8.09,-9.9,1.3,4.6,-3,5004,-0.33,0.10
33314,-0.33,2.30,-11.94,-2.1,1.2,12.3,11,5000,0.43,-18.55
33336,3.83,2.28,3.16,-1.4,1.2,-3.9,-4,5004,-3.87,3.02
33356,5.82,2.63,8.11,-10.2,1.2,-9.8,-18,5004,-4.28,3.61
33378,1.90,2.48,-1.39,-6.4,1.2,2.7,-2,5004,-1.18,-7.83
33398,4.92,2.35,-4.61,-3.4,1.2,-2.1,-4,5004,1.73,-5.63
33419,3.52,2.68,14.90,-11.4,1.1,-8.4,-18,5000,1.16,7.83
33440,1.98,2.75,2.96,-13.2,1.1,0.9,-11,5000,-1.37,-12.66
33461,-0.63,2.33,0.14,-2.8,1.0,6.9,5,5000,-2.10,-12.05
33482,7.36,2.63,22.30,-10.3,1.0,-20.0,-29,5004,-3.91,5.61
33503,5.15,2.85,9.62,-15.8,1.0,-8.7,-23,5004,-3.89,-1.35
33524,-2.79,2.10,-16.78,3.0,0.9,19.5,23,5004,1.85,-24.79
33545,11.71,2.40,9.64,-4.5,0.9,-23.0,-26,5004,1.39,12.35
33566,6.58,2.70,11.66,-11.9,0.9,-12.9,-23,5000,-2.06,5.16
33587,-2.02,2.49,-6.11,-6.9,0.9,13.2,7,5000,-0.14,-19.98
33608,4.58,2.40,3.51,-4.5,0.8,-5.3,-8,5004,1.75,0.63
33629,1.39,2.82,13.45,-15.0,0.8,-2.9,-17,5000,-4.06,6.60
33650,-2.02,3.04,6.20,-20.4,0.7,8.1,-11,5004,-3.93,-9.15
33671,1.34,2.91,-0.51,-17.2,0.6,4.3,-12,5000,-3.75,-7.85
33691,5.00,3.23,14.74,-25.3,0.5,-10.1,-34,5000,-1.81,8.15
33713,3.55,3.42,6.48,-30.1,0.4,-2.6,-32,5004,-4.22,-6.77
33733,2.94,3.62,9.80,-35.0,0.3,-2.7,-37,5004,0.98,-6.26
33755,3.62,3.76,16.61,-38.6,0.1,-7.2,-45,5004,1.32,-1.92
33775,4.81,4.35,28.78,-53.3,-0.1,-14.5,-67,5000,-2.43,5.77
33797,4.02,4.98,29.19,-69.0,-0.3,-11.8,-81,5004,-1.77,2.10
33817,6.69,5.39,25.21,-79.2,-0.6,-14.4,-94,5004,0.86,-6.11
33839,6.69,5.85,24.46,-90.7,-1.0,-13.1,-104,5004,1.81,-2.65
33859,7.94,6.51,29.49,-107.2,-1.4,-16.9,-125,5000,1.53,-1.00
33881,5.24,6.94,23.62,-117.9,-1.9,-7.5,-127,5008,0.51,-4.28
33902,6.39,7.13,12.56,-122.7,-2.4,-3.9,-128,5000,-2.45,-6.95
33923,4.47,7.08,3.83,-121.6,-3.0,4.4,-120,5004,-0.84,-3.04
33944,6.75,7.10,3.20,-122.0,-3.5,0.2,-125,5000,-2.12,1.10
33965,7.28,7.24,5.08,-125.5,-4.0,-1.6,-131,5000,-7.32,-3.00
33986,7.74,7.43,10.76,-130.2,-4.5,-5.1,-139,5004,-2.36,-2.34
34007,6.31,7.76,14.29,-138.4,-5.1,-3.3,-146,5004,2.43,-3.69
34028,10.33,8.20,19.75,-149.5,-5.7,-13.4,-168,5000,-2.20,-4.30
34050,3.81,8.36,12.41,-153.4,-6.4,4.1,-155,5000,2.28,-7.66
34070,9.96,8.41,9.58,-154.8,-7.0,-6.9,-168,5004,5.06,-5.01
34092,8.56,8.60,6.95,-159.4,-7.7,-2.4,-169,5004,3.91,1.02
34112,7.42,8.69,3.87,-161.8,-8.4,1.7,-168,5000,-1.57,-4.91
34134,6.40,5.72,1.92,-87.6,-8.9,0.3,-96,5000,-5.99,-9.34
34155,13.84,5.85,17.71,-90.8,-9.3,-22.6,-122,5000,-7.15,-3.38
34176,6.83,6.25,9.07,-100.7,-9.7,-3.2,-113,5000,-3.28,0.35
34197,-0.58,5.92,-15.76,-92.5,-10.1,23.8,-78,5004,7.42,-7.17
34217,10.63,5.90,-6.22,-92.1,-10.5,-4.1,-106,5000,2.10,-2.45
34239,12.71,6.30,14.86,-101.9,-10.9,-18.4,-131,5000,-9.19,3.55
34260,8.12,6.57,0.39,-108.6,-11.3,-1.3,-121,5004,-11.92,-10.66
34281,5.99,6.58,-3.16,-109.1,-11.8,4.8,-116,5000,-8.05,-10.64
34302,7.55,6.39,-9.44,-104.4,-12.2,4.3,-112,5000,-5.81,-1.20
34324,11.61,6.61,-3.79,-109.8,-12.7,-6.6,-129,5000,0.39,0.65
34344,11.33,7.01,8.03,-119.8,-13.2,-11.3,-144,5000,0.61,-5.93
34366,6.30,7.30,9.82,-127.0,-13.7,-1.4,-142,5000,-3.75,-8.40
34387,5.78,7.36,5.22,-128.5,-14.3,2.1,-140,5004,-4.30,-7.40
34408,6.18,7.26,-0.18,-125.9,-14.8,3.8,-136,5000,-5.77,-0.79
34429,9.51,7.34,0.33,-128.0,-15.3,-3.2,-146,5004,-0.12,-2.28
34450,9.23,7.39,-3.26,-129.2,-15.9,-0.8,-145,5004,-2.45,-4.50
34471,9.76,7.48,3.57,-131.5,-16.4,-5.2,-153,5000,0.08,-4.42
34492,8.33,7.64,5.10,-135.4,-17.0,-2.8,-155,5000,-1.24,-3.51
34513,8.05,7.65,-0.65,-135.8,-17.6,0.7,-152,5000,-5.83,-7.34
34535,12.03,7.94,4.40,-143.1,-18.1,-9.6,-170,5004,-4.97,-2.06
34555,8.49,8.35,5.26,-153.1,-18.8,-2.1,-174,5000,-3.04,-0.96
34577,6.91,8.49,3.34,-156.8,-19.4,2.3,-173,5004,-0.02,-6.85
34597,10.50,8.65,4.75,-160.8,-20.1,-5.4,-186,5004,-0.43,-4.59
34619,10.56,8.81,2.38,-164.7,-20.8,-4.1,-189,5000,-4.06,-4.50
34640,11.39,8.86,1.81,-166.0,-21.5,-5.5,-192,5000,-5.71,-5.40
34661,6.82,8.64,2.69,-160.5,-22.2,3.1,-179,5000,-0.51,-3.42
34682,90.06,10.32,-0.02,-202.5,-22.9,-163.6,-255,5004,-0.02,-0.02
34704,7.16,10.50,5.89,-207.0,-23.8,3.7,-227,5000,0.10,-1.94
34724,13.34,10.64,5.44,-210.4,-24.7,-8.5,-243,5000,-2.71,-4.93
34746,7.34,10.37,-1.67,-203.8,-25.5,7.0,-222,5000,-6.77,-6.28
34767,8.99,10.30,4.67,-202.1,-26.4,0.4,-228,5004,-2.67,0.43
34788,11.58,10.41,3.08,-204.7,-27.3,-4.0,-235,5004,-3.22,-3.26
34809,10.37,10.29,-0.69,-201.7,-28.1,0.2,-229,5000,-1.67,-5.42
34831,8.14,10.23,3.81,-200.2,-29.0,2.5,-226,5004,-1.18,-4.59
34851,5.38,10.03,-2.10,-195.3,-29.8,10.8,-214,5000,-3.08,-7.97
34873,8.46,9.47,-0.45,-181.3,-30.6,2.6,-209,5004,-0.92,-1.53
34894,7.77,9.78,7.60,-189.0,-31.4,0.5,-219,5004,-2.94,2.51
34915,10.74,9.85,1.57,-190.6,-32.2,-2.4,-225,5004,-2.38,-3.95
34936,13.06,9.87,-0.16,-191.3,-33.0,-6.2,-230,5000,-2.67,-4.75
34957,9.28,9.58,-3.77,-184.0,-33.8,2.8,-214,5000,-4.97,-5.50
34978,0.00,9.35,0.00,-178.4,-34.5,19.6,-193,5000,0.00,0.00
34999,4.84,9.49,-3.57,-181.8,-35.3,11.6,-205,5000,-2.87,-4.44
35020,7.82,9.24,-16.49,-175.5,-36.0,11.5,-200,5000,-1.79,-10.84
35042,7.88,8.50,-33.51,-156.9,-36.7,18.4,-175,5004,2.45,-21.89
35062,8.68,7.82,-36.34,-140.1,-37.4,16.7,-160,5004,0.98,-15.02
35084,13.44,7.61,-11.11,-134.7,-37.9,-6.2,-178,5000,-4.63,-0.26
35105,3.60,7.40,-8.23,-129.6,-38.5,12.2,-155,5000,-9.78,3.42
35126,2.45,6.95,-13.07,-118.4,-39.0,16.2,-141,5000,-6.11,-5.56
35147,4.90,6.41,-23.97,-104.6,-39.5,15.6,-128,5000,2.20,-11.23
35169,6.36,5.79,-30.43,-89.3,-39.9,14.5,-114,5000,5.67,-6.67
35189,3.04,5.35,-17.43,-78.3,-40.2,13.9,-104,5004,5.73,2.32
35211,2.60,4.61,-32.49,-59.7,-40.5,20.9,-79,5000,-6.73,-5.01
35232,5.96,3.87,-32.47,-41.2,-40.7,12.5,-69,5004,-17.28,-4.89
35253,2.42,3.26,-30.64,-26.0,-40.9,17.6,-49,5000,-14.17,-4.97
35274,0.63,2.73,-20.12,-12.8,-40.9,14.9,-38,5004,-5.26,-8.01
35295,3.79,2.47,-10.97,-6.2,-41.0,3.2,-43,5000,0.92,-3.57
35316,4.17,2.50,-0.26,-7.0,-41.0,-2.9,-50,5000,-0.31,-3.59
35337,-0.02,2.34,-4.83,-2.9,-41.0,7.7,-36,5004,-4.08,-9.82
35358,-0.39,1.85,-18.28,9.1,-41.0,14.3,-17,5004,-3.47,-14.15
35379,-0.47,1.18,-24.13,26.1,-40.9,16.1,1,5000,-0.65,-11.99
35400,3.76,0.84,-10.15,34.4,-40.8,-0.3,-6,5000,0.33,-10.19
35422,2.00,0.53,-10.15,42.2,-40.6,2.7,4,5000,-4.26,-7.26
35442,0.60,0.21,-11.99,50.1,-40.4,5.8,15,5004,-4.22,-8.13
35464,1.71,0.10,-5.54,53.0,-40.2,0.1,12,5000,-7.68,-4.87
35484,0.32,0.02,-0.43,55.0,-40.0,0.2,15,5000,-6.73,-4.83
35505,-1.72,-0.24,-6.99,61.5,-39.7,7.2,28,5000,-1.04,-8.23
35526,-1.27,-0.47,-6.97,67.4,-39.5,5.8,33,5000,2.22,-6.93
35547,-1.96,-0.73,-7.79,73.7,-39.2,7.2,41,5004,-0.77,-7.11
35568,-2.02,-0.92,-8.23,78.5,-38.8,7.1,46,5004,-5.54,-8.03
35589,-0.50,-1.14,-8.48,84.0,-38.5,3.7,49,5000,-7.46,-7.93
35610,-1.16,-1.26,-5.58,86.9,-38.1,3.3,52,5004,-5.97,-4.57
35631,-0.32,-1.36,-3.36,89.4,-37.8,0.3,51,5004,-3.32,-2.63
35652,0.00,-1.42,-1.39,90.9,-37.4,-1.5,52,5000,0.71,-4.48
35673,-1.58,-1.45,-1.61,91.7,-37.0,1.8,56,5004,-0.24,-5.91
35694,-1.54,-1.49,-0.55,92.7,-36.6,1.1,57,5000,-5.14,-6.67
35715,-1.93,-1.51,1.43,93.2,-36.2,0.9,57,5004,-7.87,-3.18
35736,-2.76,-1.55,0.55,94.2,-35.8,2.9,61,5004,-3.77,-4.24
35757,-3.06,-1.63,0.18,96.4,-35.4,3.6,64,5000,-1.65,-6.32
35778,-3.17,-1.78,-2.14,100.0,-35.0,4.7,69,5000,-3.24,-5.08
35799,-1.75,-1.91,-1.96,103.3,-34.6,1.5,70,5000,-5.26,-3.67
35820,-1.55,-1.91,0.96,103.2,-34.2,-0.4,68,5004,-5.99,-1.00
35841,-3.32,-2.08,-5.28,107.6,-33.7,6.1,79,5000,-4.61,-6.64
35862,-1.41,-2.21,-6.18,110.8,-33.2,2.3,79,5004,-3.47,-6.93
35883,-1.83,-2.31,-3.85,113.2,-32.8,1.8,82,5000,-3.89,-5.10
35904,-3.23,-2.32,0.57,113.5,-32.3,2.4,83,5000,-5.67,-5.71
35926,-2.59,-2.36,1.37,114.5,-31.8,0.7,83,5004,-4.57,-5.42
35946,-3.36,-2.47,-1.45,117.4,-31.3,3.4,89,5004,-2.85,-5.03
35968,-3.63,-2.58,-4.53,119.9,-30.8,5.3,94,5004,-3.73,-6.11
35988,-1.94,-2.66,0.51,121.9,-30.3,-0.8,90,5000,-1.94,-4.30
36009,-3.10,-2.70,1.14,123.0,-29.8,1.2,94,5000,-4.65,-3.53
36030,-2.78,-2.78,-1.65,125.1,-29.3,1.8,97,5004,-5.81,-3.87
36051,-3.36,-2.75,-1.59,124.3,-28.8,2.9,98,5004,-4.04,-4.26
36072,-3.18,-2.77,1.73,124.8,-28.2,0.8,97,5000,-3.73,-4.83
36093,-3.23,-2.83,-2.63,126.2,-27.7,3.0,101,5000,-5.61,-4.87
36114,-2.39,-2.91,-2.20,128.3,-27.2,0.9,102,5004,-6.20,-5.03
36135,-1.69,-2.94,2.08,128.9,-26.6,-2.7,99,5004,-3.93,-1.71
36157,0.88,-2.87,-0.02,127.2,-26.1,-6.8,94,5000,-1.59,-2.71
36177,-3.70,-2.95,1.22,129.3,-25.5,1.8,105,5004,-1.73,-7.95
36199,-4.48,-3.07,1.16,132.2,-25.0,3.3,110,5004,-4.63,-3.81
36219,-2.79,-3.09,0.73,132.8,-24.4,-0.0,108,5000,-5.24,-2.26
36241,-1.31,-3.14,1.32,134.0,-23.9,-3.4,106,5000,-4.18,-2.89
36261,-2.12,-3.06,2.36,131.9,-23.3,-2.2,106,5000,-3.89,-7.22
36283,-6.08,-3.23,-0.06,136.3,-22.7,6.9,120,5000,-1.94,-5.89
36304,-4.60,-3.30,1.12,138.0,-22.2,3.1,118,5000,-0.43,-0.71
36325,-3.20,-3.34,0.26,139.0,-21.6,0.6,118,5000,-1.16,0.18
36346,-0.74,-3.20,3.57,135.5,-21.0,-5.9,108,5000,-1.63,-3.32
36367,-2.79,-3.13,4.55,133.7,-20.4,-2.0,111,5004,-2.20,-5.56
36388,-3.58,-3.06,2.87,132.1,-19.9,0.5,112,5004,-4.34,-3.20
36409,-2.08,-2.95,3.08,129.3,-19.3,-2.5,107,5000,-4.20,-3.63
36430,-3.84,-2.96,0.31,129.4,-18.8,2.6,113,5000,-4.32,-6.32
36452,-3.54,-3.01,0.67,130.9,-18.2,1.7,114,5000,-2.94,-3.12
36472,-3.43,-3.08,1.81,132.5,-17.7,0.8,115,5004,-1.51,-3.04
36494,-3.83,-3.12,1.30,133.6,-17.1,1.8,118,5004,-1.94,-4.02
36514,-2.38,-3.11,4.97,133.3,-16.6,-3.0,113,5000,-3.93,-2.73
36536,-3.27,-3.26,-1.71,136.9,-16.0,1.9,122,5000,-4.65,-4.48
36556,-2.85,-3.39,-4.32,140.3,-15.4,2.1,127,5000,-4.71,-3.69
36578,-2.80,-3.38,-0.45,140.1,-14.8,0.0,125,5004,-2.08,-3.36
36599,-0.57,-3.14,7.85,133.9,-14.2,-8.3,111,5000,-1.96,-6.48
36620,-3.51,-3.06,4.95,132.0,-13.7,-0.6,117,5004,-1.83,-5.95
36641,-4.80,-3.16,0.90,134.5,-13.1,3.9,125,5004,-2.87,-2.63
36662,-4.00,-3.30,-0.37,138.1,-12.5,2.6,128,5004,-1.59,-1.47
36683,-2.62,-3.15,3.89,134.3,-12.0,-2.1,120,5000,-20.97,-20.97
36705,-3.04,-3.03,4.26,131.3,-11.4,-1.2,118,5000,-1.88,-8.15
36725,-4.26,-3.20,-1.04,135.5,-10.8,3.7,128,5000,-6.85,-5.14
36747,-2.32,-3.24,-0.45,136.6,-10.3,-0.7,125,5004,-4.20,-0.94
36767,-0.03,-3.26,0.96,137.0,-9.7,-6.2,121,5000,-0.55,-3.83
36789,-2.54,-3.02,7.70,131.0,-9.1,-4.0,117,5000,0.96,-2.75
36809,-4.43,-3.03,4.77,131.2,-8.6,1.4,124,5000,-0.02,-6.73
36831,-3.75,-3.15,-1.59,134.2,-8.0,3.0,129,5004,-2.77,-3.67
36851,-2.82,-3.24,-0.94,136.5,-7.4,0.6,129,5000,-4.40,-1.35
36873,-1.77,-3.18,2.24,134.9,-6.9,-3.1,124,5000,-5.48,-3.28
36893,-3.55,-3.01,8.66,130.8,-6.3,-2.3,122,5000,-3.42,-0.29
36915,-2.84,-2.87,6.69,127.3,-5.8,-2.5,118,5004,-0.35,-5.30
36936,-5.57,-2.99,-1.39,130.3,-5.2,7.0,132,5000,-2.41,-5.56
36957,-2.01,-3.17,-3.89,134.7,-4.7,0.6,130,5004,-4.14,-3.77
36978,-1.99,-3.18,2.71,134.9,-4.1,-2.8,128,5004,-3.30,-0.26
36999,-3.80,-3.01,6.62,130.7,-3.5,-0.8,126,5000,-2.71,-3.38
37020,-2.52,-2.96,2.30,129.4,-3.0,-1.1,125,5000,-2.38,-8.01
37041,-3.14,-3.02,0.41,131.0,-2.4,1.0,129,5004,-4.00,-3.30
37062,-3.68,-3.03,0.39,131.3,-1.9,2.1,131,5004,-0.16,-2.10
37083,-1.05,-2.92,0.92,128.5,-1.4,-3.4,123,5004,-1.67,-3.53
37104,-2.57,-2.87,3.67,127.3,-0.8,-1.6,124,5004,-5.40,-5.40
37125,-4.52,-2.89,2.43,127.8,-0.3,3.1,130,5004,-3.55,-5.58
37146,-2.59,-2.88,4.99,127.5,0.3,-2.1,125,5000,-2.47,0.22
37167,-1.61,-2.74,10.70,124.1,0.8,-6.7,118,5004,-1.73,-0.02
37188,-2.48,-2.47,16.20,117.4,1.3,-7.1,111,5000,-1.02,1.59
37210,-0.70,-2.07,21.91,107.2,1.8,-12.8,96,5004,-2.38,2.36
37230,-2.55,-1.65,20.57,96.8,2.2,-7.6,91,5000,-2.96,2.38
37252,-3.69,-1.45,11.43,91.8,2.6,-0.2,94,5000,-3.71,-3.38
37272,-2.28,-1.26,12.25,86.9,2.9,-3.1,86,5004,-0.37,0.55
37294,2.73,-0.62,22.28,71.0,3.3,-17.2,57,5004,0.79,2.16
37314,-0.65,-0.06,24.72,57.0,3.5,-10.4,50,5000,-0.88,-4.71
37336,-3.74,0.51,30.31,42.7,3.7,-5.7,40,5004,-2.22,-4.22
37356,-2.43,0.81,23.52,35.3,3.9,-4.3,34,5000,-8.28,-2.36
37378,-0.20,1.25,28.54,24.2,4.0,-10.4,17,5000,-3.38,6.52
37398,-0.41,1.54,23.66,16.9,4.1,-6.8,14,5000,-1.24,6.87
37420,2.65,1.89,18.43,8.2,4.1,-9.7,2,5000,3.49,-0.29
37440,4.03,2.36,20.24,-3.6,4.1,-12.6,-11,5004,3.36,-3.16
37460,4.49,2.73,19.85,-12.7,4.1,-12.6,-21,5000,0.86,-7.97
37482,5.88,3.62,37.87,-35.1,4.0,-22.8,-53,5004,-0.43,0.02
37502,3.91,4.61,47.33,-59.7,3.8,-21.5,-77,5000,-2.51,5.85
37524,4.97,5.43,41.91,-80.2,3.5,-19.2,-96,5004,-0.31,4.50
37545,3.79,6.20,37.61,-99.4,3.1,-13.1,-109,5000,0.75,0.12
37566,9.23,6.87,35.02,-116.2,2.6,-21.5,-135,5008,4.00,-4.93
37587,5.51,7.35,23.32,-128.3,2.1,-7.1,-133,5000,5.73,-6.22
37608,8.34,7.71,16.75,-137.3,1.5,-8.8,-144,5000,-1.35,-10.09
37629,5.54,7.95,13.60,-143.2,0.9,-1.0,-143,5004,-4.18,-9.44
37651,7.68,8.14,15.10,-148.1,0.3,-5.7,-153,5000,1.96,-5.28
37671,7.01,8.54,22.46,-158.1,-0.3,-7.2,-165,5000,-0.84,-0.29
37693,4.02,8.69,17.51,-161.7,-1.0,1.8,-160,5004,-0.35,0.73
37713,6.79,8.55,9.01,-158.1,-1.7,0.3,-159,5004,-6.52,-2.57
37735,10.83,8.65,2.38,-160.7,-2.3,-4.5,-167,5000,-1.94,-5.42
37755,11.90,8.76,-1.18,-163.4,-3.0,-4.8,-171,5004,2.06,-4.61
37777,8.87,8.84,2.71,-165.4,-3.7,-0.4,-169,5004,-1.88,-2.59
37798,8.20,9.04,5.14,-170.5,-4.4,0.1,-174,5004,-5.10,-6.22
37819,11.99,9.32,6.20,-177.6,-5.2,-7.7,-190,5000,-7.15,-5.73
37840,12.41,9.63,2.02,-185.3,-5.9,-6.0,-197,5004,-5.40,-4.48
37861,8.10,9.42,-4.93,-180.1,-6.7,5.9,-180,5000,0.08,-4.61
37882,8.51,9.38,0.94,-179.0,-7.5,2.1,-184,5000,1.65,-7.40
37903,10.30,9.50,7.73,-181.9,-8.2,-4.8,-194,5004,-2.32,-2.12
37924,12.07,9.91,-0.02,-192.2,-9.0,-3.8,-205,5004,-0.02,-0.02
37946,5.45,9.58,-3.49,-184.0,-9.8,11.0,-182,5000,-4.00,-3.59
37966,13.52,9.62,-7.68,-185.0,-10.6,-3.4,-199,5004,-1.30,-5.46
37988,8.95,9.54,0.67,-182.9,-11.4,1.6,-192,5000,-2.75,-4.97
38010,-135.00,6.70,-0.02,-112.0,-12.1,292.5,168,5004,-0.02,-0.02
38032,19.45,7.45,27.27,-130.6,-12.6,-36.4,-179,5004,-16.73,-2.55
38052,4.08,7.44,-1.73,-130.5,-13.2,9.8,-133,5004,1.41,-11.72
38074,6.93,6.30,-33.06,-101.9,-13.7,17.5,-98,5004,8.48,-23.64
38095,8.53,5.82,-29.82,-89.9,-14.1,11.4,-92,5004,0.86,-9.07
38116,6.44,5.46,-33.43,-80.9,-14.4,16.6,-78,5000,-3.12,-9.64
38137,5.56,5.27,-16.98,-76.4,-14.8,9.6,-81,5004,-9.21,-8.42
38158,6.33,5.11,-9.05,-72.3,-15.1,3.6,-83,5000,-11.88,-4.18
38179,2.66,4.73,-19.69,-62.7,-15.3,15.7,-62,5000,-5.22,-4.83
38201,5.39,4.01,-33.45,-44.9,-15.6,15.5,-44,5004,4.81,-9.62
38221,2.94,3.47,-29.78,-31.2,-15.7,17.5,-29,5000,11.66,1.30
38243,1.81,3.10,-24.42,-21.9,-15.8,16.3,-21,5000,4.40,3.02
38263,5.20,2.73,-28.66,-12.8,-15.9,10.5,-18,5000,-6.69,0.10
38285,3.91,2.18,-30.90,0.9,-15.9,13.1,-1,5004,-16.14,-10.97
38306,1.78,1.56,-30.31,16.6,-15.9,15.8,16,5000,-18.65,-14.25
38327,2.55,1.05,-29.07,29.2,-15.8,12.5,25,5004,-11.54,-9.05
38348,0.46,0.56,-23.32,41.5,-15.6,12.9,38,5000,1.20,-8.81
38369,-0.43,0.14,-16.67,52.0,-15.4,10.6,47,5000,2.55,-3.47
38390,-0.74,-0.37,-19.98,64.7,-15.2,11.8,61,5004,-2.43,-5.71
38412,-1.70,-0.88,-22.36,77.5,-14.9,13.9,76,5004,-8.38,-5.52
38432,-1.67,-1.40,-18.83,90.5,-14.5,11.1,87,5000,-9.21,-6.30
38454,-1.71,-1.70,-11.52,98.0,-14.1,6.9,90,5000,-6.95,-0.92
38474,-2.15,-2.03,-13.68,106.3,-13.7,8.2,100,5004,-6.71,-4.38
38496,-2.49,-2.34,-15.63,113.9,-13.2,9.2,109,5004,-5.48,-6.93
38517,1.09,-2.53,-12.09,118.8,-12.7,-0.4,105,5004,-1.65,-8.48
38538,-1.63,-2.63,-9.09,121.3,-12.2,3.4,112,5000,-1.14,-6.46
38559,-2.38,-2.59,-1.79,120.3,-11.7,1.3,109,5000,-1.47,-5.69
38580,-2.32,-2.43,4.81,116.3,-11.2,-1.9,103,5000,-6.03,-3.12
38601,-2.13,-2.25,6.18,111.8,-10.7,-2.6,98,5004,-6.07,-3.34
38622,-4.21,-2.43,-1.75,116.1,-10.2,5.3,111,5000,-2.77,-8.32
38643,-2.11,-2.61,-5.56,120.7,-9.7,2.6,113,5000,1.47,-7.34
38665,-0.92,-2.75,-2.53,124.3,-9.2,-1.7,113,5000,-3.89,-2.63
38685,-0.68,-2.47,5.38,117.3,-8.7,-5.7,102,5004,-6.16,0.88
38707,-2.94,-2.33,3.97,113.8,-8.2,-0.1,105,5004,-3.30,-8.09
38727,-3.60,-2.46,-0.45,117.0,-7.7,3.3,112,5004,-3.28,-8.28
38749,-4.03,-2.69,-4.26,122.8,-7.2,5.7,121,5004,-7.64,-5.50
38769,-2.38,-2.88,-5.71,127.4,-6.7,2.7,123,5000,-7.03,-5.69
38791,-1.43,-2.73,4.87,123.7,-6.2,-4.4,113,5004,-5.38,-0.86
38811,-5.32,-2.57,8.74,119.7,-5.7,2.0,116,5000,-0.04,-2.73
38833,-3.95,-2.41,9.01,115.8,-5.2,-0.6,109,5004,0.96,-6.09
38854,-6.46,-2.70,-5.75,123.0,-4.7,11.4,129,5000,-1.83,-8.21
38875,-2.36,-3.02,-11.99,131.0,-4.1,5.5,132,5000,-3.97,-5.46
38896,-1.59,-3.10,-4.32,133.1,-3.6,-0.1,129,5000,-4.91,-3.24
38917,-1.91,-2.77,4.32,124.7,-3.0,-3.3,118,5004,-8.09,-8.85
38938,-2.12,-2.36,17.33,114.5,-2.5,-8.6,103,5000,-4.00,-3.24
38959,-1.05,-1.90,24.60,103.0,-2.1,-13.5,87,5000,-0.08,2.67
38980,-4.40,-1.36,26.97,89.5,-1.7,-6.7,81,5000,0.35,7.09
39001,0.05,-0.52,38.71,68.6,-1.4,-20.0,47,5004,-3.95,6.67
39022,-1.52,0.09,32.08,53.3,-1.1,-12.2,40,5004,-5.77,2.32
39043,0.35,0.53,24.89,42.3,-0.9,-11.4,29,5000,1.04,-1.79
39064,0.57,1.09,26.09,28.3,-0.8,-11.4,16,5000,3.47,0.26
39085,2.02,1.67,29.76,13.8,-0.7,-15.0,-1,5004,-1.69,0.35
39106,-2.55,2.02,23.97,5.0,-0.7,-1.9,2,5004,-8.76,1.22
39127,5.16,2.38,23.75,-3.9,-0.7,-16.8,-21,5004,-8.52,-2.45
39148,1.05,2.75,21.93,-13.2,-0.7,-6.7,-20,5004,-1.57,-0.88
39169,6.03,3.46,29.41,-31.1,-0.8,-19.2,-51,5000,6.46,-3.38
39190,6.12,4.34,40.46,-53.1,-1.0,-23.2,-77,5000,8.72,-4.16
39211,4.43,5.29,42.25,-76.7,-1.3,-18.7,-96,5000,2.89,-0.86
39232,5.42,6.07,37.20,-96.3,-1.7,-16.6,-114,5004,1.49,-8.79
39254,4.84,6.73,34.33,-112.7,-2.1,-12.6,-127,5000,5.46,-12.33
39274,10.27,7.53,36.49,-132.8,-2.6,-23.2,-158,5000,8.85,-8.72
39296,7.91,8.27,38.65,-151.3,-3.2,-18.0,-172,5000,2.49,-4.00
39317,7.23,8.80,32.78,-164.6,-3.9,-12.4,-180,5000,-2.77,-5.52
39337,6.72,9.13,19.55,-172.7,-4.6,-4.0,-181,5004,-3.12,-11.56
39359,3.53,9.05,9.74,-170.7,-5.4,7.4,-168,5004,3.08,-6.05
39379,4.95,8.68,-0.88,-161.5,-6.1,9.3,-158,5000,2.59,-0.67
39401,10.07,8.74,2.00,-163.0,-6.7,-2.5,-172,5000,-2.18,-1.85
39422,9.65,9.00,7.38,-169.4,-7.5,-4.0,-180,5000,-3.06,-0.12
39443,8.72,9.12,8.81,-172.4,-8.2,-2.5,-183,5004,-4.32,-3.67
39464,7.94,9.18,8.09,-174.0,-8.9,-0.4,-183,5000,-4.81,-4.57
39485,12.03,9.58,8.46,-184.0,-9.7,-8.3,-201,5000,-6.79,-5.08
39506,9.73,9.66,3.12,-186.1,-10.4,-0.7,-197,5004,-4.44,-5.30
39527,10.28,9.75,4.06,-188.3,-11.2,-2.2,-201,5000,-0.98,1.57
39548,6.82,9.59,-0.69,-184.3,-12.0,7.0,-189,5000,0.12,-3.24
39570,18.22,10.07,0.69,-196.2,-12.8,-16.3,-225,5000,-1.85,-6.09
39590,10.09,9.88,-2.79,-191.4,-13.6,1.7,-203,5004,-4.36,-7.58
39612,10.73,9.64,-11.56,-185.6,-14.4,4.3,-195,5004,-5.93,-8.79
39633,6.37,8.98,-29.19,-169.1,-15.2,20.8,-163,5004,-2.69,-17.14
39654,7.37,8.28,-25.68,-151.6,-15.9,15.6,-151,5004,-3.69,-8.60
39675,7.47,7.95,-21.06,-143.2,-16.5,12.3,-147,5004,-0.71,-0.67
39697,10.99,7.46,-31.88,-130.9,-17.0,9.4,-138,5004,-2.43,-5.40
39717,9.88,6.86,-35.87,-115.9,-17.6,12.4,-121,5000,-2.16,-3.28
39739,7.19,6.20,-36.57,-99.4,-18.0,16.8,-100,5000,-3.26,1.20
39760,3.12,5.27,-38.67,-76.1,-18.4,24.3,-70,5000,-8.62,1.79
39781,2.91,4.39,-41.05,-54.2,-18.6,24.2,-48,5000,-11.90,-3.49
39802,3.44,3.49,-36.10,-31.8,-18.8,18.8,-31,5004,-9.60,-9.42
39824,2.98,3.02,-24.38,-20.1,-18.9,12.8,-26,5000,-9.91,-0.37
39844,2.28,2.62,-15.53,-10.0,-19.0,9.0,-19,5000,-9.15,-2.67
39866,3.78,2.47,-8.97,-6.2,-19.0,2.3,-22,5004,-4.65,-7.50
39886,0.39,2.21,-9.70,0.3,-19.0,9.1,-9,5000,-4.65,-9.32
39908,1.08,1.77,-13.82,11.3,-19.0,8.9,1,5004,-6.18,-9.95
39928,-2.81,1.43,-10.35,19.9,-18.9,14.5,15,5004,0.37,-0.39
39950,-1.83,0.90,-15.00,33.1,-18.8,13.8,28,5004,8.79,0.86
39970,-1.03,0.27,-23.24,48.8,-18.6,15.1,45,5004,6.97,-1.69
39992,-1.64,-0.37,-29.43,64.7,-18.4,18.1,64,5004,-5.16,-5.67
40012,1.01,-0.77,-25.50,74.8,-18.1,9.8,66,5000,-15.08,-9.68
40034,0.34,-1.10,-12.47,82.9,-17.7,3.9,69,5004,-19.85,-11.48
40054,-2.15,-1.30,-4.55,87.9,-17.4,4.7,75,5000,-13.05,-7.66
40076,-2.77,-1.38,1.90,90.0,-17.0,2.6,75,5000,0.88,-3.69
40096,-3.01,-1.46,2.10,91.9,-16.6,2.9,78,5000,5.89,-4.22
40118,-4.11,-1.66,-2.53,96.9,-16.2,7.1,87,5004,4.06,-4.57
40138,-3.79,-1.95,-9.99,104.1,-15.8,9.7,98,5000,-0.63,-9.32
40160,-1.39,-2.15,-10.23,109.3,-15.3,4.4,98,5004,-6.58,-7.40
40181,-0.14,-2.26,-4.16,112.0,-14.9,-1.4,95,5000,-10.19,-5.65
40202,0.77,-2.24,2.57,111.4,-14.4,-6.6,90,5004,-8.36,-4.10
40223,-1.12,-1.99,10.97,105.2,-13.9,-6.5,84,5000,-0.22,-0.63
40244,-3.36,-1.85,6.40,101.8,-13.5,0.6,88,5004,2.77,-6.28
40265,-3.48,-1.87,5.34,102.3,-13.1,1.5,90,5004,1.37,-4.77
40286,-3.51,-2.05,-0.57,106.6,-12.6,4.2,98,5000,-4.73,-4.75
40307,-1.15,-2.15,-3.28,109.3,-12.2,0.5,97,5000,-3.63,-5.36
40328,-1.59,-2.24,0.10,111.4,-11.7,-0.4,99,5004,-3.93,-4.42
40349,-1.06,-2.08,7.87,107.6,-11.2,-5.1,91,5004,-5.36,1.88
40371,-2.09,-2.01,6.20,105.8,-10.8,-2.0,92,5000,-2.77,-4.67
40391,-1.80,-1.93,6.69,103.8,-10.4,-2.7,90,5000,-0.73,-4.16
40413,-2.12,-1.81,9.89,100.6,-9.9,-3.3,87,5004,-1.85,-1.12
40433,0.54,-1.53,17.10,93.7,-9.5,-11.9,72,5000,-3.73,1.75
40455,-0.50,-1.10,21.89,83.0,-9.1,-11.3,62,5004,-3.93,3.30
40475,0.89,-0.62,25.56,71.0,-8.8,-15.0,47,5000,-3.38,1.81
40497,-1.12,-0.12,25.17,58.5,-8.6,-9.7,40,5000,-5.61,3.73
40517,0.34,0.21,20.16,50.2,-8.3,-9.4,32,5000,-6.28,-0.20
40539,0.49,0.50,14.15,43.0,-8.2,-6.1,28,5004,-5.06,-2.94
40559,1.45,0.73,12.21,37.1,-8.0,-6.6,22,5000,-0.77,-7.56
40581,2.03,1.03,16.88,29.7,-7.8,-9.6,12,5000,-0.37,-2.26
40601,1.70,1.50,24.66,17.9,-7.8,-11.8,-1,5000,-1.63,0.31
40622,-0.84,1.97,19.14,6.2,-7.7,-2.9,-4,5004,-7.56,-5.89
40643,0.25,2.01,10.13,5.2,-7.7,-0.5,-2,5004,-19.32,-12.58
40664,0.24,2.38,15.84,-4.0,-7.7,-2.6,-14,5004,-10.09,-0.08
40685,-1.09,2.45,6.73,-5.8,-7.7,4.9,-8,5004,0.73,-4.16
40706,1.35,2.46,0.69,-5.9,-7.8,2.9,-10,5000,5.22,-4.99
40727,4.59,2.62,7.93,-10.0,-7.8,-7.0,-24,5004,3.97,-0.41
40748,2.47,2.82,9.03,-15.1,-7.8,-2.9,-25,5004,-0.88,-1.61
40768,2.80,2.88,2.87,-16.5,-7.9,-0.4,-24,5004,-5.65,-7.91
40790,2.03,2.84,1.71,-15.6,-8.0,1.8,-21,5004,-5.63,-6.46
40810,1.77,2.75,1.00,-13.3,-8.0,2.5,-18,5000,-2.06,-5.83
40832,1.71,2.63,-0.45,-10.1,-8.1,3.1,-15,5000,0.06,-4.83
40852,2.92,2.62,1.26,-10.0,-8.1,-0.2,-18,5000,1.98,-2.73
40873,3.22,2.66,0.53,-11.0,-8.2,-0.4,-19,5004,0.79,-5.14
40894,3.90,2.76,3.24,-13.5,-8.2,-3.0,-24,5000,-0.55,-6.71
40914,3.25,2.87,6.46,-16.2,-8.3,-3.1,-27,5000,-1.94,-5.56
40936,1.77,2.82,2.06,-14.9,-8.3,2.1,-21,5004,-3.59,-6.24
40956,2.38,2.70,-2.59,-11.9,-8.4,2.9,-17,5004,-3.04,-6.36
40978,2.78,2.61,-2.36,-9.8,-8.4,1.8,-16,5000,-1.63,-5.44
40998,2.76,2.54,-3.06,-8.0,-8.5,2.1,-14,5004,0.41,-7.34
41020,3.68,2.51,-3.32,-7.2,-8.5,0.2,-15,5004,0.10,-7.34
41040,3.43,2.60,2.43,-9.5,-8.6,-2.0,-20,5000,-3.93,-4.59
41061,2.67,2.69,7.24,-11.9,-8.6,-2.7,-23,5000,-6.42,-3.67
41082,1.41,2.63,4.24,-10.2,-8.6,1.3,-17,5000,-4.79,-5.38
41103,0.96,2.45,-1.24,-5.7,-8.7,4.7,-9,5000,-0.22,-5.34
41124,2.14,2.36,1.10,-3.4,-8.7,0.9,-11,5000,1.35,-2.71
41145,2.24,2.35,0.84,-3.1,-8.7,0.8,-10,5000,-0.33,-2.71
41165,2.74,2.36,1.61,-3.4,-8.7,-0.6,-12,5000,-3.57,-3.59
41187,2.89,2.34,0.49,-2.9,-8.7,-0.3,-11,5000,-6.09,-2.79
41207,2.55,2.31,0.02,-2.3,-8.7,0.5,-10,5000,-4.48,-3.18
41229,2.61,2.30,-0.55,-1.9,-8.7,0.6,-10,5004,-3.08,-3.49
41249,2.56,2.30,0.69,-2.0,-8.8,0.1,-10,5000,-1.75,-3.30
41270,2.38,2.32,2.51,-2.4,-8.8,-0.4,-11,5004,1.94,-3.02
41291,2.29,2.38,2.83,-3.9,-8.8,-0.3,-12,5000,1.16,-3.61
41312,2.91,2.40,0.82,-4.6,-8.8,-0.5,-13,5004,-1.32,-6.46
41332,3.01,2.40,0.88,-4.6,-8.8,-0.8,-14,5000,-4.08,-5.30
41354,2.50,2.36,-0.12,-3.6,-8.8,0.7,-11,5004,-5.52,-3.75
41374,1.93,2.30,-1.45,-2.1,-8.8,2.4,-8,5004,-4.99,-3.63
41396,1.96,2.23,-1.49,-0.2,-8.9,2.2,-6,5004,-2.00,-3.61
41416,2.12,2.15,-1.59,1.6,-8.8,1.8,-5,5004,-1.51,-3.57
41437,2.10,2.11,-0.98,2.7,-8.8,1.4,-4,5000,-2.79,-4.34
41458,2.20,2.11,0.57,2.8,-8.8,0.4,-5,5000,-3.55,-5.67
41479,1.59,2.07,2.02,3.6,-8.8,0.9,-4,5004,-3.47,-5.50
41499,1.25,2.03,1.32,4.8,-8.8,1.9,-2,5000,-2.71,-5.52
41521,0.86,1.93,0.10,7.3,-8.8,3.1,1,5000,-0.63,-5.08
41541,1.30,1.83,-2.08,9.9,-8.7,3.1,4,5004,-0.35,-4.59
41562,4.02,2.15,4.46,1.9,-8.7,-5.2,-12,5000,-2.94,3.02
41583,-2.39,1.79,-13.94,10.6,-8.7,16.5,18,5000,-2.69,-14.31
41604,5.75,1.55,-8.34,16.8,-8.6,-3.4,4,5004,-1.98,-9.32
41625,8.67,1.76,13.05,11.6,-8.5,-19.8,-16,5000,-6.16,5.26
41646,1.80,1.86,0.63,8.9,-8.5,0.7,1,5004,-7.13,2.02
41667,-1.93,1.33,-20.81,22.2,-8.4,18.1,31,5004,-8.30,-14.47
41688,3.02,1.12,-11.33,27.4,-8.3,2.7,21,5000,-6.75,-5.93
41709,3.16,1.55,21.69,16.9,-8.2,-13.3,-4,5000,-0.33,7.11
41730,-3.37,1.44,6.50,19.5,-8.2,7.5,18,5004,1.73,-9.21
41751,-0.41,0.81,-10.40,35.2,-8.0,8.8,36,5004,-1.41,-18.12
41772,4.07,0.84,4.10,34.5,-7.9,-7.6,19,5000,3.55,0.41
41792,1.28,1.29,15.53,23.3,-7.8,-6.8,8,5000,0.04,10.72
41814,0.83,1.27,-1.81,23.7,-7.7,2.9,18,5004,1.51,-10.05
41834,0.14,0.90,-3.71,32.9,-7.6,4.6,29,5000,-0.43,-5.69
41856,1.53,0.97,1.92,31.2,-7.4,-1.0,22,5000,-4.69,3.12
41876,2.35,1.04,4.65,29.5,-7.3,-3.9,18,5004,-3.63,-4.53
41897,0.09,0.97,-3.85,31.2,-7.2,4.9,28,5000,-2.53,-7.77
41918,2.13,0.86,-6.20,34.0,-7.0,1.6,28,5000,-0.18,-9.54
41939,3.03,0.99,2.81,30.8,-6.9,-4.6,19,5004,-1.04,-4.75
41960,2.10,1.20,8.30,25.5,-6.8,-5.1,13,5000,-7.34,-5.03
41980,1.40,1.38,10.23,20.9,-6.7,-4.2,9,5004,-9.76,-5.91
42002,-0.99,1.34,3.97,22.1,-6.6,3.8,19,5000,-6.50,-6.58
42022,-0.82,1.22,1.22,25.0,-6.5,4.6,23,5004,2.26,-5.40
42044,1.87,1.15,-2.41,26.8,-6.4,0.8,21,5000,5.20,-5.79
42064,3.19,1.26,-2.22,24.1,-6.3,-1.8,15,5008,1.43,-7.30
42086,2.40,1.39,4.08,20.9,-6.2,-3.2,11,5000,-4.18,-6.30
42106,1.16,1.43,6.58,19.7,-6.1,-1.8,11,5004,-5.38,-6.48
42127,1.73,1.54,9.89,17.0,-6.0,-4.4,6,5000,-2.24,-2.14
42148,0.57,1.60,5.58,15.6,-6.0,0.3,9,5004,1.63,-5.50
42169,1.13,1.61,2.63,15.2,-5.9,0.7,9,5000,-0.45,-7.99
42190,1.70,1.62,4.81,15.0,-5.8,-1.6,7,5004,-3.85,-4.69
42211,1.30,1.66,6.09,14.1,-5.8,-1.3,7,5000,-4.99,-1.63
42231,1.13,1.68,4.12,13.4,-5.7,0.1,7,5000,-3.06,-3.81
42253,1.38,1.66,1.65,14.1,-5.7,0.8,9,5000,-1.32,-5.50
42273,3.00,1.69,2.77,13.1,-5.6,-3.0,4,5000,-0.94,-4.12
42294,2.13,1.77,1.47,11.2,-5.6,-0.5,5,5000,-4.44,-2.96
42315,3.44,1.79,-0.79,10.7,-5.5,-2.0,3,5000,-8.28,-5.52
42336,3.79,1.95,4.40,6.8,-5.5,-5.1,-3,5000,-7.81,-1.88
42357,2.76,2.12,5.10,2.6,-5.5,-3.0,-5,5004,-5.75,-2.28
42378,1.13,1.76,-1.90,11.5,-5.4,3.2,9,5000,3.22,-9.66
42398,5.11,2.11,9.66,2.8,-5.4,-10.2,-12,5000,-1.24,1.22
42420,1.35,2.30,8.32,-2.0,-5.4,-1.4,-8,5000,0.10,-3.04
42440,3.97,2.15,0.86,1.7,-5.4,-3.3,-6,5000,1.98,-10.19
42461,4.25,2.36,11.74,-3.5,-5.4,-9.0,-17,5004,1.47,1.20
42482,-1.18,2.38,1.10,-3.9,-5.4,7.5,-1,5000,-4.12,-3.55
42503,0.27,2.35,-5.03,-3.2,-5.4,7.6,-1,5000,-7.66,-6.48
42524,1.83,2.18,-0.29,1.0,-5.4,1.7,-2,5004,-7.28,-3.63
42545,4.02,2.21,3.93,0.4,-5.4,-4.8,-9,5000,-2.34,0.96
42565,2.58,2.27,1.12,-1.1,-5.4,-0.4,-6,5004,3.75,-4.24
42587,1.33,2.27,-0.45,-1.3,-5.4,2.9,-3,5004,4.22,-4.65
42607,2.75,2.30,3.85,-2.1,-5.5,-2.1,-9,5004,1.98,-2.57
42628,1.73,2.27,2.00,-1.3,-5.5,0.9,-5,5000,-2.22,-2.47
42649,3.34,2.36,1.69,-3.4,-5.5,-2.1,-10,5000,-4.34,-5.52
42670,1.23,2.36,3.26,-3.5,-5.5,1.4,-7,5000,-5.89,-4.91
42690,0.15,2.26,3.51,-1.1,-5.5,3.4,-3,5004,-4.06,-4.20
42712,0.61,2.17,2.22,1.4,-5.5,3.0,-1,5000,-2.65,-2.08
42732,1.37,2.11,1.14,2.7,-5.5,1.9,0,5000,-1.75,-1.69
42753,2.34,2.09,0.82,3.3,-5.5,0.0,-2,5004,-3.61,-1.06
42774,1.89,2.07,0.10,3.7,-5.5,1.2,0,5000,-4.28,-1.10
42795,2.68,2.05,-1.32,4.2,-5.4,0.3,0,5000,-3.49,-3.38
42815,2.92,2.14,1.08,2.1,-5.4,-1.3,-4,5004,-2.71,-3.24
42836,2.73,2.21,3.83,0.3,-5.4,-2.2,-7,5004,-2.69,-4.22
42857,-2.60,2.12,-1.71,2.5,-5.4,11.3,8,5004,-2.53,-6.03
42877,4.13,2.10,-0.63,3.0,-5.4,-3.0,-5,5004,-2.85,-2.53
42899,3.33,2.34,13.66,-3.0,-5.4,-8.0,-16,5000,-2.91,0.73
42919,4.06,2.30,-0.06,-2.0,-5.4,-2.7,-10,5004,-3.20,-7.83
42940,0.74,2.16,-4.42,1.5,-5.4,6.0,2,5004,-2.81,-5.30
42961,2.49,1.95,-2.59,6.7,-5.4,1.1,2,5004,-4.91,-5.16
42982,4.89,2.44,20.28,-5.4,-5.4,-14.4,-25,5004,-3.36,6.79
43003,-2.62,2.29,-5.95,-1.9,-5.4,13.8,6,5000,-8.13,-7.95
43024,8.20,1.90,-6.93,7.9,-5.4,-8.4,-5,5000,-9.27,-7.91
43044,5.36,2.12,21.18,2.4,-5.4,-16.3,-19,5000,-2.83,9.19
43066,2.68,2.29,4.06,-1.8,-5.4,-1.9,-9,5000,-1.51,-4.32
43086,-0.11,2.02,-14.98,5.1,-5.4,12.8,12,5004,2.00,-10.13
43108,5.49,1.95,-4.55,6.6,-5.3,-4.0,-2,5004,2.43,1.12
43128,3.07,2.33,9.48,-2.8,-5.3,-5.4,-13,5000,-5.34,3.47
43150,0.10,2.27,-5.03,-1.3,-5.3,7.8,1,5000,-9.03,-14.72
43170,3.47,2.19,5.69,0.8,-5.3,-4.6,-9,5000,-8.38,-7.28
43191,2.57,2.17,11.17,1.3,-5.3,-5.5,-9,5004,-3.83,0.98
43212,0.10,2.16,-0.20,1.6,-5.3,5.3,1,5004,1.18,-3.69
43233,1.68,2.03,-3.28,4.8,-5.3,3.3,2,5000,0.82,-6.64
43253,2.33,1.97,1.24,6.2,-5.3,-0.4,0,5004,-2.81,-1.85
43275,1.86,2.05,2.94,4.1,-5.3,-0.1,-1,5000,-5.58,-2.67
43295,2.23,2.09,3.28,3.3,-5.2,-1.0,-2,5004,-5.40,-4.89
43316,-0.04,1.96,-3.91,6.5,-5.2,7.0,8,5000,-4.77,-4.12
43337,2.26,1.89,-4.14,8.2,-5.2,2.3,5,5004,-4.89,-1.88
43358,3.78,2.13,6.03,2.1,-5.2,-5.5,-8,5004,-2.51,-0.79
43378,2.74,2.15,-0.49,1.7,-5.2,-0.1,-3,5004,-4.95,-12.90
43400,0.91,1.82,1.30,10.0,-5.1,2.2,7,5000,-4.38,-4.89
43420,4.63,1.99,10.60,5.7,-5.1,-9.7,-9,5012,-5.16,2.51
43442,0.90,2.18,5.32,0.9,-5.1,0.9,-3,5004,-3.44,-0.71
43462,-2.33,1.87,-12.43,8.6,-5.1,15.8,19,5004,-1.67,-9.50
43483,3.03,1.84,-1.35,9.4,-5.0,-0.8,3,5000,-1.41,-0.39
43504,3.50,2.11,8.15,2.6,-5.0,-6.0,-8,5004,-2.85,0.79
43525,3.01,2.12,0.06,2.4,-5.0,-0.9,-3,5004,-1.98,-10.97
43545,-0.59,1.78,4.12,10.9,-5.0,3.8,9,5004,1.77,-3.85
43567,0.84,1.91,5.20,7.7,-4.9,0.6,3,5000,-2.20,3.16
43587,2.56,2.06,4.55,3.9,-4.9,-2.3,-3,5000,-0.61,-1.98
43608,2.77,2.01,1.18,5.2,-4.9,-1.2,0,5004,-1.45,-6.79
43629,2.74,2.03,3.32,4.8,-4.9,-2.2,-2,5004,-3.89,-1.39
43650,2.52,2.19,2.43,0.9,-4.9,-1.0,-4,5000,-3.77,-0.98
43670,0.38,2.12,-8.11,2.5,-4.9,8.5,6,5000,-4.53,-6.75
43692,5.87,2.16,4.75,1.4,-4.8,-9.1,-12,5004,-3.30,-7.13
43712,3.03,2.40,13.51,-4.5,-4.8,-7.3,-16,5000,-2.32,0.29
43734,1.13,2.54,7.73,-8.0,-4.9,-0.2,-13,5004,0.90,-6.03
43754,-2.05,2.42,-1.43,-5.0,-4.9,10.7,0,5000,0.57,-6.60
43774,3.08,2.25,5.42,-0.8,-4.9,-3.4,-9,5004,-3.73,-5.63
43796,2.49,2.28,9.64,-1.5,-4.9,-4.3,-10,5004,-5.42,-1.43
43816,1.29,2.36,3.95,-3.5,-4.9,1.2,-7,5004,-5.24,-2.53
43837,2.02,2.29,-1.61,-1.7,-4.9,2.4,-4,5004,-5.56,-5.38
43858,0.19,1.95,-3.93,6.7,-4.9,6.7,8,5000,-5.79,1.69
43879,4.62,2.04,-3.08,4.5,-4.9,-2.7,-3,5008,-9.52,1.49
43899,4.02,2.27,4.57,-1.4,-4.9,-4.9,-11,5000,-4.99,-2.71
43921,2.90,2.35,0.61,-3.2,-4.9,-0.5,-8,5004,-2.26,-9.27
43941,2.60,2.17,5.06,1.3,-4.9,-2.4,-6,5004,-0.06,-0.24
43963,3.13,2.30,0.59,-2.1,-4.9,-1.1,-8,5000,-1.45,-1.61
43983,3.92,2.41,1.06,-4.6,-4.9,-2.8,-12,5000,-2.67,-7.38
44004,2.41,2.45,5.01,-5.8,-4.9,-1.6,-12,5004,-3.83,-3.85
44025,3.09,2.53,4.08,-7.8,-5.0,-2.3,-15,5004,-2.83,-4.32
44046,0.85,2.34,1.51,-3.1,-5.0,3.2,-4,5004,-1.51,-4.50
44066,1.80,2.42,2.67,-4.9,-5.0,0.8,-9,5004,-0.16,-4.34
44088,2.15,2.41,5.95,-4.7,-5.0,-1.5,-11,5004,-1.96,-4.57
44108,2.01,2.32,1.08,-2.6,-5.0,1.1,-6,5004,-2.34,-5.12
44129,3.02,2.31,0.71,-2.2,-5.1,-0.9,-8,5000,-2.41,-2.43
44150,2.32,2.33,2.36,-2.9,-5.1,-0.2,-8,5000,-5.14,-2.69
44171,2.20,2.36,2.16,-3.4,-5.1,0.2,-8,5000,-5.14,-3.87
44192,1.59,2.32,1.45,-2.4,-5.1,1.7,-5,5004,-3.04,-4.75
44213,1.17,2.31,2.34,-2.2,-5.1,2.1,-5,5000,-2.49,-3.04
44233,1.82,2.28,0.35,-1.6,-5.1,1.7,-4,5004,-1.39,-3.30
44255,3.58,2.37,2.36,-3.7,-5.1,-2.7,-11,5000,-1.90,-3.26
44275,2.58,2.43,3.36,-5.1,-5.1,-1.1,-11,5004,-3.16,-4.16
44296,2.31,2.44,1.45,-5.6,-5.2,0.5,-10,5000,-4.08,-4.71
44317,2.47,2.40,1.02,-4.4,-5.2,0.3,-9,5000,-5.12,-4.48
44338,2.69,2.41,2.75,-4.8,-5.2,-1.0,-11,5000,-4.26,-2.71
44359,2.32,2.47,3.75,-6.2,-5.2,-0.7,-12,5004,-2.30,-3.85
44380,2.05,2.44,2.41,-5.4,-5.3,0.5,-10,5000,-1.28,-6.07
44400,1.43,2.43,2.91,-5.1,-5.3,1.5,-8,5000,-2.43,-2.98
44422,1.65,2.39,1.35,-4.2,-5.3,1.8,-7,5000,-1.94,-3.59
44442,2.24,2.34,1.32,-3.1,-5.3,0.5,-7,5004,-1.59,-3.16
44463,2.48,2.37,2.57,-3.8,-5.3,-0.5,-9,5000,-2.14,-2.71
44484,2.93,2.44,3.04,-5.4,-5.3,-1.6,-12,5000,-2.91,-4.38
44505,2.20,2.45,2.63,-5.9,-5.4,0.2,-11,5000,-3.97,-4.73
44526,2.05,2.45,1.30,-5.8,-5.4,1.1,-10,5000,-3.89,-4.16
44547,2.40,2.42,0.77,-5.1,-5.4,0.6,-9,5000,-3.59,-3.44
44567,2.83,2.40,0.43,-4.4,-5.4,-0.1,-9,5000,-2.77,-2.89
44589,2.75,2.40,1.08,-4.4,-5.5,-0.3,-10,5000,-1.94,-3.18
44609,3.71,2.48,3.57,-6.6,-5.5,-3.4,-15,5000,-1.47,-3.65
44630,1.98,2.53,3.89,-7.8,-5.5,0.1,-13,5004,-2.83,-3.91
44651,2.08,2.44,1.53,-5.5,-5.5,0.9,-10,5004,-4.69,-5.34
44672,1.71,2.39,1.26,-4.1,-5.6,1.7,-7,5000,-4.65,-2.38
44693,1.87,2.32,0.06,-2.5,-5.6,1.9,-6,5000,-2.02,-3.18
44713,2.74,2.29,0.45,-1.8,-5.6,-0.2,-7,5000,-0.04,-4.04
44734,3.09,2.35,3.63,-3.2,-5.6,-2.4,-11,5004,-1.47,-2.91
44755,2.31,2.41,4.53,-4.8,-5.6,-1.1,-11,5004,-3.69,-2.81
44776,1.63,2.37,1.26,-3.6,-5.6,1.9,-7,5000,-6.52,-3.32
44796,1.80,2.27,-1.30,-1.3,-5.6,2.6,-4,5004,-5.24,-3.26
44818,2.95,2.21,-0.08,0.3,-5.6,-0.5,-5,5000,-2.36,-2.55
44838,3.69,2.34,3.38,-3.0,-5.6,-3.5,-12,5008,-0.67,-3.91
44859,2.83,2.48,5.50,-6.5,-5.7,-2.6,-14,5004,-2.32,-4.91
44880,0.98,2.44,1.08,-5.4,-5.7,3.4,-7,5004,-6.52,-5.50
44901,1.75,2.38,-0.82,-4.0,-5.7,2.6,-7,5004,-5.71,-3.12
44922,2.26,2.31,-1.49,-2.2,-5.7,1.8,-6,5000,-2.89,-3.91
44943,3.15,2.28,-0.02,-1.6,-5.7,-0.8,-8,5000,-1.39,-4.18
44963,3.37,2.37,3.97,-3.9,-5.7,-3.1,-12,5004,-0.57,-3.20
44985,2.49,2.42,3.51,-5.1,-5.8,-1.0,-11,5004,-1.24,-5.16
45005,2.33,2.45,1.59,-5.7,-5.8,0.3,-11,5012,-2.47,-5.24
45026,2.31,2.38,-0.45,-4.0,-5.8,1.3,-8,5000,-2.00,-6.16
45047,3.21,2.39,2.02,-4.3,-5.8,-1.8,-11,5000,-2.26,-4.48
45068,2.46,2.45,3.63,-5.6,-5.8,-1.0,-12,5000,-3.65,-4.81
45089,2.27,2.48,3.22,-6.5,-5.9,-0.3,-12,5000,-4.46,-5.36
45110,2.03,2.50,3.57,-7.1,-5.9,0.1,-12,5000,-3.47,-4.02
45130,2.58,2.52,2.49,-7.4,-5.9,-0.5,-13,5004,-2.55,-4.71
45152,2.24,2.51,1.94,-7.2,-6.0,0.5,-12,5000,-1.59,-4.93
45172,2.37,2.51,1.32,-7.2,-6.0,0.5,-12,5000,-2.75,-5.26
45194,2.32,2.50,2.53,-7.1,-6.0,0.0,-13,5004,-3.57,-4.48
45214,1.34,2.45,2.47,-5.8,-6.0,2.0,-9,5004,-4.08,-3.83
45235,1.00,2.37,1.59,-3.8,-6.1,3.0,-6,5004,-3.55,-2.53
45256,1.79,2.32,1.92,-2.4,-6.1,1.1,-7,5000,-1.59,-2.06
45277,3.15,2.35,1.79,-3.3,-6.1,-1.5,-10,5004,-2.06,-2.20
45297,3.30,2.39,0.16,-4.2,-6.1,-1.0,-11,5004,-5.12,-4.50
45319,3.32,2.41,-0.22,-4.8,-6.1,-0.8,-11,5000,-7.56,-5.16
45339,2.24,2.40,0.31,-4.5,-6.1,1.1,-9,5004,-7.58,-4.34
45361,2.30,2.36,2.32,-3.6,-6.2,-0.1,-9,5000,-4.97,-3.71
45381,2.00,2.34,2.96,-2.9,-6.2,0.2,-8,5000,-1.55,-3.30
45402,1.67,2.31,2.26,-2.2,-6.2,1.1,-7,5004,-0.16,-3.30
45423,2.19,2.31,1.63,-2.4,-6.2,0.4,-8,5000,-0.84,-2.00
45444,3.08,2.31,-0.94,-2.2,-6.2,-0.1,-8,5000,-2.45,-2.71
45464,3.99,2.35,-1.12,-3.2,-6.2,-1.9,-11,5004,-4.22,-4.69
45486,3.53,2.43,0.14,-5.2,-6.2,-1.5,-12,5000,-7.42,-5.97
45506,3.12,2.49,2.12,-6.9,-6.3,-1.5,-14,5004,-8.01,-6.73
45528,0.63,2.50,3.16,-6.9,-6.3,3.0,-10,5000,-5.85,-5.77
45548,0.57,2.42,3.69,-5.1,-6.3,2.8,-8,5000,-3.10,-4.24
45569,0.69,2.29,2.59,-1.8,-6.3,2.9,-5,5000,0.10,-2.24
45590,1.63,2.20,-0.29,0.4,-6.3,2.3,-3,5000,1.83,-2.85
45611,2.79,2.16,-0.10,1.5,-6.3,-0.2,-5,5004,-1.14,-3.67
45631,2.98,2.22,2.47,0.0,-6.3,-1.8,-8,5000,-4.22,-3.00
45652,2.50,2.26,1.77,-1.0,-6.3,-0.4,-7,5000,-8.70,-3.93
45673,2.64,2.21,-0.77,0.2,-6.3,0.5,-5,5000,-6.34,-3.79
45693,2.94,2.24,1.98,-0.4,-6.3,-1.5,-8,5000,-0.39,-2.12
45715,2.51,2.33,4.93,-2.9,-6.3,-1.9,-11,5004,1.16,-3.14
45735,2.48,2.45,5.16,-5.9,-6.4,-1.8,-13,5000,0.53,-4.63
45756,1.93,2.39,3.18,-4.4,-6.4,0.2,-10,5004,-2.20,-4.71
45777,1.99,2.38,1.96,-4.0,-6.4,0.7,-9,5000,-4.85,-4.20
45798,2.19,2.36,1.12,-3.4,-6.4,0.7,-9,5000,-3.63,-4.02
45819,2.45,2.34,3.47,-2.9,-6.4,-1.0,-10,5000,-0.73,-3.69
45840,2.22,2.40,5.34,-4.4,-6.4,-1.4,-12,5000,0.18,-2.55
45860,2.53,2.44,3.10,-5.4,-6.5,-0.8,-12,5004,-1.51,-4.12
45882,2.77,2.39,0.45,-4.3,-6.5,-0.0,-10,5004,-3.06,-4.63
45902,2.84,2.40,1.49,-4.5,-6.5,-0.7,-11,5000,-3.22,-3.02
45923,3.51,2.47,2.61,-6.2,-6.5,-2.5,-15,5000,-3.97,-4.57
45944,2.82,2.55,4.77,-8.1,-6.5,-2.1,-16,5004,-4.65,-5.32
45965,2.08,2.61,5.10,-9.9,-6.6,-0.6,-17,5004,-4.50,-4.48
45986,1.16,2.62,3.65,-10.0,-6.6,2.1,-14,5000,-3.91,-3.28
46007,1.87,2.54,0.82,-7.9,-6.7,1.9,-12,5004,-3.38,-2.55
46028,2.41,2.44,-1.75,-5.6,-6.7,1.9,-10,5004,-0.84,-3.04
46049,3.74,2.46,0.29,-6.0,-6.7,-1.8,-14,5000,-0.51,-3.26
46069,4.09,2.60,4.12,-9.4,-6.7,-4.2,-20,5000,-3.36,-3.93
46091,1.37,2.67,3.04,-11.2,-6.8,2.0,-15,5004,-5.18,-4.65
46111,1.89,2.62,0.14,-10.0,-6.8,2.3,-14,5000,-3.36,-5.20
46133,2.50,2.62,3.91,-10.0,-6.9,-0.8,-17,5004,-1.51,-1.79
46153,2.84,2.62,1.53,-10.0,-6.9,-0.3,-17,5004,0.12,-4.61
46174,3.16,2.62,1.73,-9.9,-7.0,-1.1,-17,5000,-0.57,-4.50
46195,2.11,2.64,2.10,-10.4,-7.0,0.9,-16,5000,-3.28,-3.18
46216,2.42,2.58,-0.41,-9.0,-7.0,1.5,-14,5000,-5.83,-5.32
46237,2.92,2.58,1.51,-9.1,-7.1,-0.5,-16,5000,-4.32,-3.53
46258,2.56,2.62,4.18,-9.9,-7.1,-1.1,-18,5004,-3.51,-2.77
46278,1.70,2.62,1.81,-9.9,-7.2,1.9,-15,5000,-2.28,-4.44
46300,2.31,2.59,0.69,-9.4,-7.2,1.2,-15,5004,-1.45,-4.65
46320,3.05,2.63,1.55,-10.2,-7.2,-0.7,-18,5004,-1.35,-3.47
46342,2.64,2.65,1.04,-10.8,-7.3,0.4,-17,5004,-2.43,-3.85
46362,3.61,2.67,0.16,-11.2,-7.3,-1.1,-19,5004,-4.20,-3.89
46384,3.23,2.67,1.28,-11.3,-7.4,-0.9,-19,5000,-3.42,-3.81
46404,2.81,2.68,2.20,-11.5,-7.4,-0.5,-19,5000,-3.73,-4.32
46425,3.02,2.71,2.69,-12.1,-7.5,-1.1,-20,5004,-2.10,-4.40
46446,2.32,2.71,3.06,-12.3,-7.5,0.1,-19,5004,-0.29,-4.53
46467,2.80,2.75,4.34,-13.3,-7.6,-1.4,-22,5004,-1.90,-3.55
46488,2.22,2.76,4.10,-13.6,-7.6,-0.0,-21,5000,-3.32,-4.81
46509,2.35,2.73,2.30,-12.8,-7.7,0.6,-19,5004,-4.77,-4.67
46530,1.63,2.61,0.10,-9.7,-7.7,2.9,-14,5000,-5.99,-3.53
46551,3.15,2.55,-0.18,-8.2,-7.8,-0.2,-16,5000,-3.49,-2.43
46571,3.66,2.61,1.16,-9.8,-7.8,-1.8,-19,5000,-1.12,-5.01
46593,3.22,2.69,4.02,-11.7,-7.9,-2.2,-21,5000,-2.75,-5.67
46613,2.79,2.76,4.93,-13.5,-7.9,-1.6,-23,5000,-2.94,-4.53
46635,1.55,2.66,0.55,-11.1,-8.0,2.9,-16,5004,-3.10,-5.65
46655,2.14,2.57,0.10,-8.9,-8.0,1.8,-15,5000,-1.98,-3.40
46676,2.61,2.56,1.39,-8.6,-8.0,0.2,-16,5000,-0.92,-3.61
46697,3.00,2.61,2.41,-9.7,-8.1,-1.1,-18,5000,-1.94,-5.46
46717,2.48,2.64,2.96,-10.6,-8.1,-0.2,-18,5004,-3.71,-5.10
46739,2.78,2.62,0.51,-10.0,-8.2,0.3,-17,5000,-5.99,-5.56
46759,2.58,2.58,0.98,-8.9,-8.2,0.5,-16,5004,-4.46,-3.24
46781,2.88,2.58,1.12,-8.9,-8.2,-0.2,-17,5000,-1.06,-4.04
46801,3.83,2.63,2.16,-10.4,-8.3,-2.6,-21,5004,0.10,-5.83
46822,3.75,2.67,3.47,-11.2,-8.3,-3.0,-22,5004,-2.53,-4.91
46843,4.17,2.82,4.67,-14.9,-8.4,-4.2,-27,5000,-5.93,-4.75
46864,1.95,2.82,2.32,-15.1,-8.5,1.5,-22,5000,-9.03,-6.71
46885,3.10,2.75,2.08,-13.2,-8.5,-0.9,-22,5004,-8.70,-5.01
46906,2.05,2.69,2.34,-11.8,-8.6,1.1,-19,5000,-4.02,-3.57
46927,2.63,2.69,2.96,-11.8,-8.6,-0.4,-20,5000,0.47,-4.85
46948,2.09,2.68,3.06,-11.4,-8.7,0.6,-19,5000,0.49,-4.22
46968,2.66,2.69,2.83,-11.7,-8.7,-0.4,-20,5004,-2.20,-2.14
46990,2.62,2.69,1.10,-11.9,-8.8,0.6,-20,5000,-2.85,-2.89
47010,2.43,2.66,0.04,-10.9,-8.8,1.4,-18,5000,-1.79,-5.03
47032,4.16,2.73,2.89,-12.6,-8.9,-3.4,-24,5004,-2.65,-3.65
47052,4.03,2.85,5.12,-15.7,-8.9,-4.1,-28,5004,-3.57,-4.30
47074,2.74,2.85,1.59,-15.8,-9.0,0.3,-24,5000,-5.52,-6.62
47094,3.79,2.90,2.12,-17.0,-9.1,-2.0,-28,5004,-6.52,-4.30
47115,2.93,2.95,3.14,-18.2,-9.1,-0.7,-27,5004,-8.09,-4.40
47136,2.61,2.94,1.08,-18.0,-9.2,1.0,-26,5004,-6.91,-6.01
47157,2.89,2.90,1.10,-17.0,-9.3,0.4,-25,5000,-3.93,-5.93
47178,2.21,2.90,4.40,-17.0,-9.3,0.1,-26,5000,-0.94,-3.38
47199,1.93,2.92,5.20,-17.4,-9.4,0.3,-26,5008,0.86,-3.04
47220,1.72,2.88,1.92,-16.4,-9.5,2.4,-23,5000,2.53,-3.59
47241,2.83,2.89,2.32,-16.7,-9.6,-0.1,-26,5004,1.85,-2.06
47261,3.10,2.93,2.24,-17.8,-9.6,-0.5,-27,5000,-0.47,-3.18
47283,3.08,2.97,0.94,-18.7,-9.7,0.2,-28,5000,-3.91,-4.89
47303,1.81,2.91,-1.57,-17.2,-9.8,4.0,-22,5000,-7.26,-6.28
47325,3.30,2.93,3.14,-17.8,-9.9,-1.4,-29,5000,-5.71,-2.10
47345,2.61,2.99,4.44,-19.2,-9.9,-0.5,-29,5008,-3.26,-2.08
47367,2.05,2.95,1.28,-18.3,-10.0,2.1,-26,5000,-2.06,-5.69
47387,3.21,2.96,1.83,-18.6,-10.1,-0.5,-29,5004,-1.14,-4.30
47408,2.36,2.95,2.69,-18.3,-10.2,0.8,-27,5000,-2.79,-2.87
47429,3.18,2.95,2.28,-18.3,-10.2,-0.7,-29,5000,-3.73,-4.14
47450,2.66,2.95,2.43,-18.2,-10.3,0.3,-28,5004,-3.16,-4.50
47471,2.77,2.92,3.06,-17.4,-10.4,-0.3,-28,5000,-3.00,-3.26
47492,2.35,2.89,1.08,-16.7,-10.5,1.6,-25,5004,-3.36,-3.38
47513,2.99,2.86,0.12,-15.9,-10.5,0.7,-25,5000,-2.81,-3.61
47534,3.79,2.87,1.65,-16.3,-10.6,-1.7,-28,5004,-1.65,-1.83
47555,3.21,2.91,2.53,-17.2,-10.7,-0.9,-28,5000,-0.18,-2.63
47576,3.18,2.98,2.28,-18.9,-10.7,-0.6,-30,5004,0.65,-4.08
47597,3.30,3.01,2.04,-19.8,-10.8,-0.7,-31,5004,-0.51,-4.69
47618,2.98,2.99,0.63,-19.3,-10.9,0.6,-29,5004,-3.83,-3.42
47639,3.12,2.90,-1.57,-17.1,-11.0,1.3,-26,5004,-2.89,-4.16
47660,3.98,2.91,-0.67,-17.2,-11.1,-1.0,-29,5004,0.37,-5.12
47681,4.43,3.02,3.97,-20.1,-11.1,-4.0,-35,5004,1.20,-5.97
47702,2.74,3.11,5.50,-22.3,-11.2,-1.2,-34,5004,-3.30,-5.20
47723,2.78,3.08,3.02,-21.5,-11.3,-0.0,-32,5004,-5.81,-5.26
47744,1.35,2.94,-0.14,-18.1,-11.4,4.3,-25,5000,-2.08,-4.36
47765,1.62,2.77,-3.14,-13.6,-11.5,4.9,-20,5004,-1.04,-4.48
47785,2.57,2.65,-1.35,-10.7,-11.5,1.8,-20,5008,-0.41,-3.26
47807,2.40,2.63,1.16,-10.3,-11.6,0.9,-20,5004,-0.47,-2.26
47827,2.58,2.58,-0.61,-9.1,-11.6,1.3,-19,5000,-2.04,-3.73
47849,2.81,2.50,-2.63,-7.1,-11.6,1.7,-17,5000,-1.81,-4.28
47869,3.71,2.57,-0.49,-8.8,-11.7,-1.2,-21,5000,-2.28,-3.83
47890,3.52,2.64,1.26,-10.5,-11.7,-1.6,-23,5004,-3.73,-6.85
47911,3.05,2.72,5.12,-12.6,-11.8,-2.4,-26,5000,-4.08,-6.18
47932,1.97,2.74,5.79,-12.9,-11.8,-0.4,-25,5000,-4.79,-5.16
47953,0.37,2.67,1.88,-11.2,-11.9,4.7,-18,5004,-6.64,-4.22
47974,2.38,2.61,-0.39,-9.6,-11.9,1.6,-19,5000,-8.97,-2.83
47995,3.17,2.56,0.00,-8.6,-11.9,-0.3,-20,5004,-5.50,-3.93
48016,3.64,2.59,1.02,-9.2,-12.0,-1.7,-22,5000,-2.36,-4.53
48037,3.33,2.68,4.44,-11.4,-12.0,-2.7,-26,5000,-1.53,-3.42
48058,3.10,2.79,6.14,-14.3,-12.1,-2.8,-29,5004,-2.08,-2.24
48079,1.41,2.79,2.26,-14.2,-12.1,2.6,-23,5000,-1.28,-4.91
48100,3.47,2.72,1.10,-12.5,-12.2,-1.2,-25,5004,-2.89,-3.73
48121,3.58,2.79,2.53,-14.3,-12.3,-2.0,-28,5004,-2.85,-2.55
48142,3.31,2.91,4.44,-17.3,-12.3,-2.2,-31,5000,-3.22,-6.48
48163,1.57,2.86,2.67,-16.1,-12.4,2.2,-26,5000,-3.91,-6.03
48184,2.53,2.80,0.69,-14.6,-12.5,1.1,-25,5004,-3.77,-2.38
48205,2.94,2.75,-1.16,-13.1,-12.5,1.1,-24,5000,-2.87,-3.55
48226,3.34,2.74,-1.30,-12.9,-12.6,0.3,-25,5000,-3.18,-5.06
48247,2.96,2.79,2.61,-14.2,-12.6,-0.8,-27,5000,-4.50,-4.83
48268,2.22,2.84,3.57,-15.5,-12.7,0.3,-27,5004,-4.00,-5.28
48288,2.23,2.87,3.24,-16.3,-12.8,0.5,-28,5000,-3.55,-4.93
48310,1.51,2.83,1.53,-15.3,-12.8,2.8,-25,5000,-3.14,-4.69
48330,2.05,2.74,0.08,-13.1,-12.9,2.3,-23,5000,-1.96,-5.12
48352,1.98,2.71,1.98,-12.4,-12.9,1.4,-23,5000,-1.75,-3.71
48372,2.07,2.71,1.43,-12.3,-13.0,1.5,-23,5000,-3.42,-5.67
48394,2.41,2.70,2.20,-12.0,-13.0,0.4,-24,5004,-4.08,-4.46
48414,1.63,2.65,2.36,-10.8,-13.1,1.9,-22,5000,-3.73,-3.83
48436,1.35,2.56,0.57,-8.6,-13.1,3.2,-18,5004,-4.18,-3.06
48456,2.20,2.44,-1.55,-5.6,-13.2,2.3,-16,5004,-2.81,-3.06
48478,3.75,2.45,-1.45,-5.6,-13.2,-0.9,-19,5000,-2.20,-3.71
48498,4.00,2.50,1.10,-6.9,-13.2,-2.7,-22,5000,-3.97,-4.10
48520,3.15,2.61,4.83,-9.7,-13.2,-2.6,-25,5000,-4.40,-3.63
48540,2.97,2.72,5.16,-12.5,-13.3,-2.2,-27,5000,-3.28,-3.85
48562,1.63,2.65,0.04,-10.8,-13.3,3.0,-21,5004,-2.79,-5.30
48582,2.26,2.61,-0.51,-9.9,-13.4,1.9,-21,5000,-2.08,-4.00
48603,3.79,2.64,1.94,-10.4,-13.4,-2.4,-26,5000,-0.33,-4.75
48624,3.29,2.72,4.36,-12.4,-13.5,-2.5,-28,5000,-1.69,-6.30
48645,2.35,2.78,5.77,-14.1,-13.5,-1.1,-28,5004,-3.40,-5.06
48666,0.82,2.71,2.41,-12.3,-13.6,3.6,-22,5000,-3.87,-4.83
48687,1.80,2.62,-0.02,-10.1,-13.6,2.7,-21,5004,-2.36,-3.61
48708,2.61,2.57,0.12,-8.7,-13.7,0.8,-21,5004,-1.45,-4.10
48729,3.45,2.59,0.75,-9.3,-13.7,-1.2,-24,5004,-1.20,-4.65
48750,2.81,2.64,1.43,-10.4,-13.7,-0.2,-24,5000,-3.53,-5.06
48771,2.27,2.64,0.94,-10.6,-13.8,1.2,-23,5004,-5.77,-4.73
48792,2.69,2.61,0.14,-9.9,-13.8,0.7,-23,5000,-5.79,-4.10
48813,2.70,2.51,-0.63,-7.3,-13.9,0.9,-20,5004,-4.32,-5.38
48834,3.16,2.54,2.32,-7.9,-13.9,-1.5,-23,5004,-1.32,-3.71
48855,3.54,2.66,6.50,-10.9,-13.9,-4.2,-29,5000,0.08,-3.91
48876,1.59,2.75,5.63,-13.2,-14.0,0.4,-26,5000,-0.04,-4.95
48897,2.91,2.63,0.77,-10.2,-14.0,-0.0,-24,5000,-2.00,-3.63
48917,1.55,2.57,-1.02,-8.7,-14.1,3.6,-19,5000,-4.34,-1.18
48939,3.34,2.53,-2.06,-7.6,-14.1,0.3,-21,5000,-4.38,-3.67
48959,4.10,2.62,3.44,-9.9,-14.1,-3.9,-27,5000,-2.00,-3.71
48980,3.14,2.77,6.99,-13.7,-14.2,-3.4,-31,5000,-2.47,-4.40
49001,1.32,2.76,3.47,-13.5,-14.3,2.1,-25,5004,-4.16,-5.32
49022,1.70,2.70,0.98,-12.0,-14.3,2.5,-23,5000,-3.53,-2.89
49043,2.35,2.61,0.43,-9.6,-14.4,1.3,-22,5004,-1.92,-2.77
49064,2.76,2.58,0.79,-9.0,-14.4,0.2,-23,5000,-0.33,-3.36
49085,3.54,2.66,3.26,-11.0,-14.4,-2.5,-27,5000,-0.24,-3.57
49106,2.12,2.72,3.08,-12.4,-14.5,0.6,-26,5000,-3.36,-3.81
49127,2.46,2.65,-0.61,-10.7,-14.5,1.6,-23,5004,-5.63,-4.53
49147,2.81,2.65,0.33,-10.9,-14.6,0.4,-25,5000,-2.41,-3.55
49169,2.64,2.68,1.75,-11.5,-14.6,0.1,-26,5004,-1.51,-5.12
49189,2.51,2.71,2.71,-12.2,-14.7,-0.1,-26,5000,-0.47,-5.32
49211,1.71,2.70,2.83,-12.1,-14.7,1.5,-25,5004,-1.22,-4.69
49231,2.30,2.65,2.32,-10.8,-14.8,0.5,-25,5000,-3.47,-4.38
49253,2.03,2.60,1.75,-9.6,-14.8,1.3,-23,5004,-3.81,-3.30
49273,1.72,2.53,0.37,-7.7,-14.9,2.5,-20,5000,-3.85,-2.87
49295,3.39,2.54,0.00,-8.1,-14.9,-0.7,-23,5000,-3.00,-3.18
49315,2.41,2.53,0.02,-7.6,-14.9,1.2,-21,5004,-2.57,-4.40
49337,3.05,2.54,0.65,-8.0,-15.0,-0.4,-23,5004,-2.67,-4.48
49357,2.74,2.60,3.38,-9.5,-15.0,-1.1,-25,5000,-1.81,-3.85
49378,2.46,2.65,4.95,-10.9,-15.0,-1.2,-27,5000,-1.94,-3.26
49399,2.18,2.64,1.32,-10.5,-15.1,1.2,-24,5000,-1.67,-4.22
49420,3.42,2.61,0.73,-9.9,-15.1,-1.1,-26,5000,-1.28,-2.45
49441,2.78,2.63,1.83,-10.3,-15.2,-0.3,-25,5000,-1.51,-2.87
49462,2.56,2.67,2.61,-11.3,-15.2,-0.2,-26,5000,-2.43,-4.77
49483,2.49,2.67,2.69,-11.2,-15.3,-0.1,-26,5000,-2.55,-4.06
49504,3.00,2.69,2.77,-11.8,-15.3,-1.1,-28,5000,-2.83,-3.53
49525,2.33,2.69,1.83,-11.8,-15.4,0.8,-26,5004,-3.12,-3.81
49546,2.58,2.66,0.92,-11.0,-15.4,0.7,-25,5004,-2.75,-3.30
49567,4.08,2.72,1.43,-12.4,-15.4,-2.6,-30,5000,-1.43,-3.04
49588,3.65,2.82,3.55,-15.1,-15.5,-2.6,-33,5000,-1.08,-4.22
49609,3.35,2.86,4.16,-16.1,-15.6,-2.2,-33,5000,-2.61,-6.58
49630,2.12,2.92,6.97,-17.6,-15.6,-1.0,-34,5000,-4.83,-3.44
49651,1.40,2.87,2.30,-16.3,-15.7,2.8,-29,5000,-4.79,-3.28
49672,2.33,2.77,-2.04,-13.6,-15.8,2.9,-26,5004,-3.85,-3.89
49693,3.38,2.70,-0.69,-11.9,-15.8,-0.1,-27,5000,-1.00,-3.49
49714,3.61,2.75,1.71,-13.2,-15.9,-1.7,-30,5004,0.59,-4.02
49735,3.05,2.84,4.00,-15.5,-15.9,-1.5,-32,5000,-2.98,-4.97
49756,2.98,2.88,4.97,-16.5,-16.0,-1.8,-34,5004,-5.06,-5.36
49777,1.44,2.85,2.18,-15.8,-16.1,2.7,-29,5000,-6.22,-3.28
49798,2.71,2.65,-3.83,-10.8,-16.1,2.8,-24,5004,-3.83,-6.97
49819,3.80,2.63,-0.24,-10.2,-16.2,-1.3,-27,5000,-0.67,-3.32
49840,3.51,2.73,4.02,-12.7,-16.2,-2.7,-31,5008,-1.77,-2.77
49861,3.80,2.79,3.14,-14.3,-16.3,-2.8,-33,5000,-2.67,-4.36
49882,2.17,2.72,2.16,-12.5,-16.3,1.0,-27,5000,-3.67,-3.81
49903,0.80,2.56,-0.73,-8.5,-16.4,5.0,-19,5000,-2.53,-3.55
49924,2.34,2.41,-3.28,-4.8,-16.4,2.8,-18,5000,0.08,-2.63
49944,2.74,2.35,-2.79,-3.3,-16.4,1.6,-18,5000,1.94,-4.08
49966,4.04,2.39,0.45,-4.3,-16.4,-2.6,-23,5000,0.29,-3.51
49986,3.04,2.45,0.96,-5.7,-16.5,-0.8,-22,5000,-1.51,-2.69
50008,1.76,2.33,-6.46,-2.9,-16.5,5.3,-14,5000,-1.49,-3.91
50028,1.57,1.97,-15.90,6.3,-16.5,9.7,0,5004,0.67,-6.79
50049,3.65,1.62,-15.06,15.0,-16.4,4.3,2,5004,4.73,-5.18
50070,-2.38,1.37,-21.34,21.2,-16.4,19.2,24,5000,9.13,0.35
50092,1.53,0.53,-34.30,42.1,-16.2,16.1,42,5000,8.36,-13.84
50112,-4.59,-0.80,-48.72,75.6,-15.9,33.2,92,5000,7.44,-1.37
50134,-8.72,-2.33,-63.86,113.7,-15.5,46.3,144,5000,0.69,12.13
50154,-5.76,-4.11,-77.52,158.3,-14.9,43.6,186,5004,-6.83,9.82
50176,-7.64,-6.19,-90.48,210.3,-14.1,49.8,245,5000,-15.53,5.28
50197,-4.35,-8.18,-86.32,259.9,-13.1,36.9,255,5004,-18.61,7.81
50219,-11.37,-10.10,-91.13,307.9,-11.9,49.7,255,5000,-20.59,4.71
50239,-23.78,-12.67,-100.33,372.1,-10.4,74.8,255,5004,-13.98,14.33
50260,-24.80,-15.42,-117.31,441.1,-8.6,79.9,255,5004,-9.44,16.06
50282,-14.13,-18.15,-126.54,509.2,-6.6,57.0,255,5000,-11.52,13.66
50304,-12.82,-21.53,-116.43,593.9,-4.1,43.0,255,5004,-17.65,8.72
50325,-16.42,-24.21,-94.94,660.7,-1.4,34.7,255,5000,-24.79,5.06
50347,-24.43,-25.82,-79.07,700.9,1.5,39.5,255,5000,-27.13,2.55
50368,-22.73,-26.85,-69.83,726.9,4.5,28.9,255,5000,-15.55,0.29
50388,-19.17,-27.76,-57.52,749.6,7.7,13.3,255,5004,3.85,-8.09
50410,-28.92,-28.35,-26.93,764.2,10.9,16.6,255,5000,15.10,-0.92
50432,-28.87,-28.58,-17.41,770.0,14.2,11.0,255,5004,18.65,2.12
50453,-24.98,-28.96,-21.97,779.5,17.5,4.5,255,5000,10.54,-1.88
50473,-36.62,-30.03,-47.31,806.2,20.9,39.0,255,5004,10.40,-10.46
50495,-31.95,-31.63,-64.33,846.4,24.5,34.7,255,5000,9.40,-14.55
50516,-33.80,-33.22,-66.14,886.0,28.2,36.2,255,5004,2.06,-13.05
50538,-27.36,-34.26,-49.39,912.1,32.0,12.3,255,5000,-7.01,2.06
50560,-43.01,-35.12,-31.61,933.4,36.0,33.9,255,5000,-12.03,4.61
50581,-36.08,-35.62,-18.67,946.0,40.0,12.1,255,5000,-9.42,12.64
50601,-38.21,-36.43,-38.22,966.4,44.1,24.6,255,5000,-7.40,5.56
# DISARMED: tilt cutoff
50623,-36.50,-38.04,-75.54,0.0,0.0,0.0,0,5000,-4.42,-5.61
50643,-39.43,-39.98,-92.19,0.0,0.0,0.0,0,5004,-7.13,-1.22
50665,-46.42,-41.71,-91.11,0.0,0.0,0.0,0,5004,-5.61,4.10
50685,-36.73,-43.05,-84.37,0.0,0.0,0.0,0,5000,-4.53,6.79
50706,-38.39,-44.31,-69.51,0.0,0.0,0.0,0,5004,-7.93,7.05
50726,-40.92,-45.21,-47.53,0.0,0.0,0.0,0,5004,-13.27,11.68
50747,-46.16,-46.24,-57.48,0.0,0.0,0.0,0,5000,-10.01,1.16
50768,-46.93,-47.60,-72.83,0.0,0.0,0.0,0,5004,-2.41,-3.32
50789,-49.01,-49.07,-75.72,0.0,0.0,0.0,0,5000,2.08,8.91
50809,-49.27,-50.47,-77.82,0.0,0.0,0.0,0,5004,3.00,8.01
50830,-50.66,-52.00,-87.14,0.0,0.0,0.0,0,5004,3.97,-2.02
50850,-55.14,-53.87,-96.72,0.0,0.0,0.0,0,5000,6.56,-9.60
50871,-55.93,-55.84,-100.63,0.0,0.0,0.0,0,5000,9.82,-1.49
50892,-57.75,-57.83,-92.56,0.0,0.0,0.0,0,5000,7.48,8.72
50913,-58.35,-59.44,-79.80,0.0,0.0,0.0,0,5004,3.26,6.89
50933,-58.70,-60.78,-71.59,0.0,0.0,0.0,0,5004,-2.59,-4.38
50954,-58.59,-61.88,-60.56,0.0,0.0,0.0,0,5000,-6.22,-3.51
50974,-59.11,-62.82,-55.65,0.0,0.0,0.0,0,5000,-7.05,-5.61
50996,-62.98,-63.76,-54.06,0.0,0.0,0.0,0,5000,-2.32,-6.38
51016,-66.70,-64.72,-48.65,0.0,0.0,0.0,0,5000,5.46,-0.24
51037,-65.18,-65.52,-40.73,0.0,0.0,0.0,0,5004,12.49,-0.43
51057,-64.23,-66.26,-39.48,0.0,0.0,0.0,0,5004,12.45,-8.52
51079,-66.81,-67.06,-45.88,0.0,0.0,0.0,0,5004,7.17,-11.29
51099,-67.93,-67.98,-51.08,0.0,0.0,0.0,0,5004,3.16,-8.99
51120,-69.89,-69.10,-54.30,0.0,0.0,0.0,0,5004,1.26,-7.60
51140,-69.09,-70.25,-54.59,0.0,0.0,0.0,0,5004,-2.67,-9.34
51161,-68.01,-71.03,-44.50,0.0,0.0,0.0,0,5000,-8.68,-11.11
51182,-68.95,-71.53,-36.28,0.0,0.0,0.0,0,5000,-15.65,-8.48
51203,-71.92,-72.11,-32.82,0.0,0.0,0.0,0,5004,-12.17,-4.38
51223,-72.91,-72.74,-30.43,0.0,0.0,0.0,0,5000,-0.65,-1.98
51244,-71.65,-73.26,-27.33,0.0,0.0,0.0,0,5000,6.07,-4.65
51264,-70.80,-73.52,-23.58,0.0,0.0,0.0,0,5004,5.97,-6.69
51286,-71.97,-73.71,-17.90,0.0,0.0,0.0,0,5004,3.02,-6.18
51306,-73.03,-73.93,-12.15,0.0,0.0,0.0,0,5004,4.22,-5.26
51326,-73.43,-74.07,-5.01,0.0,0.0,0.0,0,5004,4.32,-2.43
51347,-73.54,-74.02,-3.65,0.0,0.0,0.0,0,5000,-0.18,-4.10
51367,-74.19,-74.13,-10.38,0.0,0.0,0.0,0,5000,-3.38,-3.93
51388,-75.20,-74.42,-15.06,0.0,0.0,0.0,0,5004,-1.63,-4.44
51409,-76.28,-74.76,-9.97,0.0,0.0,0.0,0,5000,1.20,-5.16
51430,-75.94,-74.86,4.89,0.0,0.0,0.0,0,5004,-0.94,-6.50
51450,-71.92,-74.43,14.92,0.0,0.0,0.0,0,5000,-8.07,-2.75
51471,-72.85,-74.00,7.40,0.0,0.0,0.0,0,5004,-14.53,0.24
51491,-75.25,-74.05,-8.17,0.0,0.0,0.0,0,5000,-6.40,2.61
51512,-75.26,-74.40,-12.96,0.0,0.0,0.0,0,5000,5.20,-5.42
51533,-72.85,-74.44,0.33,0.0,0.0,0.0,0,5004,4.87,-7.77
51554,-72.48,-74.08,11.41,0.0,0.0,0.0,0,5004,-5.08,-2.67
51574,-74.66,-73.82,9.85,0.0,0.0,0.0,0,5000,-8.70,-0.61
51595,-74.36,-73.75,3.18,0.0,0.0,0.0,0,5000,-4.79,-3.69
51615,-74.23,-73.78,-3.75,0.0,0.0,0.0,0,5000,-1.77,-5.75
51636,-73.92,-73.89,-6.64,0.0,0.0,0.0,0,5004,-1.41,-5.52
51657,-73.19,-73.92,-4.18,0.0,0.0,0.0,0,5004,-3.26,-4.26
51678,-74.10,-73.87,1.90,0.0,0.0,0.0,0,5000,-2.10,-3.00
51698,-75.18,-73.84,4.71,0.0,0.0,0.0,0,5000,1.10,-3.16
51719,-75.17,-73.84,3.87,0.0,0.0,0.0,0,5000,3.63,-3.93
51739,-73.94,-73.80,4.36,0.0,0.0,0.0,0,5004,1.32,-2.34
51760,-74.07,-73.67,6.36,0.0,0.0,0.0,0,5000,-2.49,0.90
51780,-74.42,-73.61,2.00,0.0,0.0,0.0,0,5000,-3.06,0.29
51801,-74.99,-73.78,-8.54,0.0,0.0,0.0,0,5000,-2.38,-5.99
51822,-74.52,-74.02,-9.46,0.0,0.0,0.0,0,5004,-2.12,-6.44
51843,-74.09,-74.05,2.06,0.0,0.0,0.0,0,5004,-3.36,-2.91
51863,-74.21,-73.85,11.46,0.0,0.0,0.0,0,5004,-3.18,-0.77
51884,-75.48,-73.73,7.17,0.0,0.0,0.0,0,5000,-1.51,-3.18
51904,-75.14,-73.81,-2.53,0.0,0.0,0.0,0,5004,0.33,-6.14
51924,-74.39,-73.97,-5.46,0.0,0.0,0.0,0,5004,-0.88,-6.48
51946,-73.87,-74.02,-0.77,0.0,0.0,0.0,0,5000,-4.26,-2.79
51966,-75.05,-74.01,2.91,0.0,0.0,0.0,0,5004,-6.11,-0.75
51987,-74.50,-73.97,4.20,0.0,0.0,0.0,0,5004,-4.44,-1.24
52007,-74.14,-73.89,4.22,0.0,0.0,0.0,0,5004,-3.24,-0.75
52028,-75.52,-73.93,0.77,0.0,0.0,0.0,0,5000,-0.14,-1.04
52048,-75.09,-74.14,-9.52,0.0,0.0,0.0,0,5004,1.14,-3.59
52069,-74.96,-74.45,-15.47,0.0,0.0,0.0,0,5000,-0.06,-5.69
52090,-73.97,-74.65,-7.17,0.0,0.0,0.0,0,5004,-1.81,-5.30
52111,-74.50,-74.56,7.40,0.0,0.0,0.0,0,5000,-4.95,-2.18
52131,-75.97,-74.36,15.17,0.0,0.0,0.0,0,5004,-3.63,0.67
52152,-75.82,-74.24,8.32,0.0,0.0,0.0,0,5004,-0.39,-2.18
52172,-75.42,-74.38,-7.97,0.0,0.0,0.0,0,5004,0.86,-6.01
52193,-74.60,-74.69,-17.06,0.0,0.0,0.0,0,5000,0.65,-7.83
52214,-74.68,-74.98,-11.96,0.0,0.0,0.0,0,5004,-0.73,-6.83
52235,-75.73,-75.08,2.04,0.0,0.0,0.0,0,5000,-1.32,-2.06
52255,-75.71,-74.98,11.11,0.0,0.0,0.0,0,5004,-1.06,0.59
52276,-75.75,-74.80,9.72,0.0,0.0,0.0,0,5004,-1.92,1.35
52296,-75.92,-74.82,-2.59,0.0,0.0,0.0,0,5004,-1.77,-1.65
52317,-76.15,-75.10,-12.47,0.0,0.0,0.0,0,5000,-0.98,-5.99
52338,-75.26,-75.38,-11.74,0.0,0.0,0.0,0,5000,-1.75,-6.36
52359,-74.91,-75.43,1.22,0.0,0.0,0.0,0,5004,-5.01,-2.14
52379,-75.47,-75.28,10.05,0.0,0.0,0.0,0,5000,-6.20,-0.71
52400,-76.07,-75.17,5.83,0.0,0.0,0.0,0,5004,-4.57,-0.39
52420,-75.67,-75.23,-4.32,0.0,0.0,0.0,0,5000,-1.71,-1.45
52441,-75.02,-75.39,-9.09,0.0,0.0,0.0,0,5000,0.45,-0.96
52462,-75.52,-75.57,-9.46,0.0,0.0,0.0,0,5000,0.65,-0.73
52483,-76.45,-75.76,-5.16,0.0,0.0,0.0,0,5004,0.61,-3.51
52503,-76.27,-75.82,1.57,0.0,0.0,0.0,0,5000,-0.92,-5.28
52524,-76.17,-75.75,6.36,0.0,0.0,0.0,0,5000,-2.32,-1.16
52544,-75.98,-75.68,3.12,0.0,0.0,0.0,0,5000,-1.49,1.77
52564,-76.67,-75.81,-7.13,0.0,0.0,0.0,0,5000,1.02,-3.32
52585,-76.63,-76.12,-12.31,0.0,0.0,0.0,0,5004,1.49,-6.58
52606,-75.54,-76.33,-8.30,0.0,0.0,0.0,0,5000,-2.00,-7.32
52627,-75.64,-76.34,0.55,0.0,0.0,0.0,0,5004,-5.77,-3.83
52647,-76.45,-76.25,3.02,0.0,0.0,0.0,0,5004,-5.71,-0.39
52668,-77.92,-76.34,-0.84,0.0,0.0,0.0,0,5000,-0.47,-1.16
52688,-77.70,-76.53,-4.57,0.0,0.0,0.0,0,5004,5.63,-2.87
52709,-76.47,-76.72,-9.66,0.0,0.0,0.0,0,5000,5.83,-3.02
52730,-75.71,-76.89,-11.64,0.0,0.0,0.0,0,5004,1.81,-0.96
52751,-76.99,-77.09,-11.54,0.0,0.0,0.0,0,5004,-0.90,1.39
52771,-78.81,-77.43,-12.13,0.0,0.0,0.0,0,5000,0.00,-1.14
52792,-79.28,-77.80,-9.36,0.0,0.0,0.0,0,5000,2.59,-5.89
52812,-77.66,-77.96,-4.36,0.0,0.0,0.0,0,5000,0.14,-5.54
52833,-77.68,-78.00,-2.85,0.0,0.0,0.0,0,5004,-5.01,-2.43
52853,-78.70,-78.15,-7.20,0.0,0.0,0.0,0,5004,-4.91,-2.89
52875,-78.96,-78.39,-8.99,0.0,0.0,0.0,0,5004,-2.02,-5.44
52895,-79.66,-78.58,-1.43,0.0,0.0,0.0,0,5004,1.02,-5.79
52916,-79.47,-78.61,6.26,0.0,0.0,0.0,0,5000,0.84,-6.54
52936,-78.25,-78.50,4.46,0.0,0.0,0.0,0,5000,-4.32,-4.00
52957,-78.83,-78.50,-0.08,0.0,0.0,0.0,0,5000,-6.07,-1.51
52977,-78.26,-78.62,-7.38,0.0,0.0,0.0,0,5000,-3.93,-4.59
52998,-79.37,-78.88,-12.13,0.0,0.0,0.0,0,5000,-1.28,-9.23
53019,-78.96,-79.12,-6.58,0.0,0.0,0.0,0,5004,0.20,-8.26
53040,-78.66,-79.13,0.84,0.0,0.0,0.0,0,5000,-1.49,-3.97
53060,-78.83,-79.04,3.67,0.0,0.0,0.0,0,5000,-3.02,-0.55
53081,-79.18,-79.08,-3.79,0.0,0.0,0.0,0,5000,-2.83,-3.24
53101,-79.63,-79.37,-15.29,0.0,0.0,0.0,0,5000,-2.08,-8.76
53122,-78.91,-79.72,-15.37,0.0,0.0,0.0,0,5004,-1.65,-10.76
53143,-78.05,-79.85,-7.60,0.0,0.0,0.0,0,5004,-5.20,-6.69
53164,-78.42,-79.86,-5.58,0.0,0.0,0.0,0,5012,-9.27,-1.63
53184,-80.07,-80.06,-12.66,0.0,0.0,0.0,0,5000,-3.20,-0.88
53204,-81.14,-80.47,-17.94,0.0,0.0,0.0,0,5004,5.77,-4.53
53225,-80.87,-80.83,-12.41,0.0,0.0,0.0,0,5004,8.64,-5.32
53246,-79.97,-80.87,2.18,0.0,0.0,0.0,0,5000,1.47,-2.26
53267,-81.18,-80.73,7.89,0.0,0.0,0.0,0,5000,-6.32,0.51
53287,-81.18,-80.72,-2.10,0.0,0.0,0.0,0,5004,-8.30,-2.81
53308,-81.20,-80.91,-7.77,0.0,0.0,0.0,0,5000,-5.67,-5.34
53328,-81.05,-80.99,0.86,0.0,0.0,0.0,0,5000,-1.90,-4.24
53349,-80.80,-80.86,8.26,0.0,0.0,0.0,0,5000,-0.37,-1.81
53369,-80.90,-80.78,2.22,0.0,0.0,0.0,0,5000,-0.84,-2.83
53391,-80.09,-80.83,-4.85,0.0,0.0,0.0,0,5000,-1.75,-3.67
53411,-81.01,-80.90,-0.90,0.0,0.0,0.0,0,5000,-1.94,-3.63
53432,-81.27,-80.83,7.83,0.0,0.0,0.0,0,5000,-1.81,-2.98
53452,-81.58,-80.81,-0.06,0.0,0.0,0.0,0,5000,-4.59,-6.05
53473,-81.24,-81.03,-10.31,0.0,0.0,0.0,0,5004,-5.24,-7.93
53493,-80.03,-81.21,-5.93,0.0,0.0,0.0,0,5004,-4.81,-5.73
53515,-80.25,-81.15,3.91,0.0,0.0,0.0,0,5000,-3.93,-0.35
53535,-81.15,-81.00,7.95,0.0,0.0,0.0,0,5004,-3.40,0.26
53556,-80.63,-80.87,6.11,0.0,0.0,0.0,0,5000,-3.32,-2.20
53576,-80.08,-80.72,6.85,0.0,0.0,0.0,0,5004,-4.30,-2.91
53597,-80.58,-80.55,7.24,0.0,0.0,0.0,0,5000,-5.01,-0.75
53617,-80.84,-80.51,1.77,0.0,0.0,0.0,0,5000,-2.38,-1.79
53638,-81.02,-80.56,-0.90,0.0,0.0,0.0,0,5004,0.55,-5.03
53658,-81.49,-80.62,3.24,0.0,0.0,0.0,0,5004,1.24,-4.16
53680,-80.94,-80.55,9.01,0.0,0.0,0.0,0,5000,-0.04,-1.37
53700,-80.82,-80.38,11.72,0.0,0.0,0.0,0,5004,-2.53,-0.06
53721,-80.10,-80.23,6.03,0.0,0.0,0.0,0,5000,-4.20,-0.41
53741,-80.73,-80.30,-5.91,0.0,0.0,0.0,0,5004,-4.06,-4.38
53762,-80.37,-80.49,-7.68,0.0,0.0,0.0,0,5004,-3.02,-8.40
53782,-79.64,-80.48,5.50,0.0,0.0,0.0,0,5000,-3.49,-5.14
53804,-79.81,-80.19,16.10,0.0,0.0,0.0,0,5004,-4.89,0.20
53824,-80.60,-79.90,13.60,0.0,0.0,0.0,0,5000,-3.59,-0.04
53844,-80.81,-79.80,5.93,0.0,0.0,0.0,0,5004,0.02,-4.48
53865,-81.25,-79.87,1.35,0.0,0.0,0.0,0,5000,2.28,-6.83
53885,-80.95,-79.98,0.49,0.0,0.0,0.0,0,5004,2.18,-8.15
53906,-80.90,-80.06,2.61,0.0,0.0,0.0,0,5000,-1.57,-7.50
53926,-79.95,-80.01,5.77,0.0,0.0,0.0,0,5004,-5.58,-3.22
53948,-79.80,-79.86,8.93,0.0,0.0,0.0,0,5000,-7.42,1.49
53968,-79.76,-79.74,6.42,0.0,0.0,0.0,0,5000,-5.08,1.35
53989,-80.18,-79.76,-1.10,0.0,0.0,0.0,0,5004,-2.10,-4.42
54009,-79.43,-79.85,-3.36,0.0,0.0,0.0,0,5000,-1.75,-7.75
54030,-78.44,-79.81,0.47,0.0,0.0,0.0,0,5004,-3.95,-4.55
54050,-79.04,-79.71,4.24,0.0,0.0,0.0,0,5000,-4.89,-2.57
54071,-80.14,-79.64,5.06,0.0,0.0,0.0,0,5004,-1.14,-3.04
54092,-80.43,-79.67,1.26,0.0,0.0,0.0,0,5004,2.96,-5.34
54113,-79.94,-79.75,-0.69,0.0,0.0,0.0,0,5000,3.04,-5.89
54133,-80.01,-79.78,1.08,0.0,0.0,0.0,0,5000,-0.75,-3.77
54154,-80.08,-79.80,1.28,0.0,0.0,0.0,0,5004,-4.18,-3.75
54174,-80.36,-79.84,0.75,0.0,0.0,0.0,0,5004,-5.20,-6.32
54195,-80.78,-79.91,1.45,0.0,0.0,0.0,0,5004,-3.91,-6.52
54215,-80.95,-79.99,1.37,0.0,0.0,0.0,0,5000,-2.12,-5.87
54237,-79.88,-80.02,0.73,0.0,0.0,0.0,0,5004,-1.94,-5.54
54257,-79.84,-80.03,-0.31,0.0,0.0,0.0,0,5000,-2.91,-4.02
54278,-79.67,-80.05,-1.10,0.0,0.0,0.0,0,5004,-3.22,-3.26
54298,-80.45,-80.09,2.91,0.0,0.0,0.0,0,5000,-2.22,-3.79
54319,-80.93,-80.06,6.01,0.0,0.0,0.0,0,5000,-2.04,-5.12
54339,-80.27,-80.06,0.98,0.0,0.0,0.0,0,5004,-3.73,-6.58
54360,-80.18,-80.13,-2.47,0.0,0.0,0.0,0,5000,-5.34,-6.54
54381,-79.83,-80.12,4.61,0.0,0.0,0.0,0,5000,-4.71,-4.48
54402,-80.03,-79.90,15.57,0.0,0.0,0.0,0,5000,-3.55,-4.42
54422,-79.93,-79.52,25.40,0.0,0.0,0.0,0,5000,-2.18,-5.50
54443,-76.85,-78.72,47.25,0.0,0.0,0.0,0,5000,-2.91,-4.16
54463,-73.18,-77.06,80.45,0.0,0.0,0.0,0,5000,-5.58,3.65
54483,-74.86,-75.02,95.31,0.0,0.0,0.0,0,5004,-6.16,3.75
54505,-76.14,-73.36,81.98,0.0,0.0,0.0,0,5004,-1.57,-9.87
54525,-74.91,-72.16,67.22,0.0,0.0,0.0,0,5000,-0.16,-26.23
54546,-71.72,-70.84,81.25,0.0,0.0,0.0,0,5004,-6.99,-29.90
54566,-70.05,-68.64,133.77,0.0,0.0,0.0,0,5000,-10.42,-20.89
54588,-64.04,-65.29,178.64,0.0,0.0,0.0,0,5000,-7.44,-5.34
54608,-62.49,-61.50,180.27,0.0,0.0,0.0,0,5008,-11.58,-5.67
54629,-60.79,-58.23,153.12,0.0,0.0,0.0,0,5000,-12.35,-16.80
54649,-60.32,-55.73,131.61,0.0,0.0,0.0,0,5000,-3.67,-28.11
54671,-59.81,-53.39,145.70,0.0,0.0,0.0,0,5000,15.76,-28.80
54691,-47.64,-50.18,167.61,0.0,0.0,0.0,0,5000,20.65,-32.49
54712,-42.21,-46.28,179.03,0.0,0.0,0.0,0,5000,0.04,-36.81
54733,-44.04,-42.53,185.45,0.0,0.0,0.0,0,5004,-20.75,-30.60
54754,-44.63,-38.99,195.33,0.0,0.0,0.0,0,5004,-18.94,-14.78
54774,-41.06,-35.50,193.15,0.0,0.0,0.0,0,5000,-5.30,-16.49
54796,-35.48,-32.09,179.33,0.0,0.0,0.0,0,5004,-1.98,-21.61
54816,-31.68,-28.79,171.18,0.0,0.0,0.0,0,5004,-17.61,-17.28
54837,-29.58,-25.58,177.50,0.0,0.0,0.0,0,5004,-23.73,-10.27
54857,-26.12,-22.22,184.94,0.0,0.0,0.0,0,5000,-19.00,-6.46
54879,-22.09,-18.85,177.19,0.0,0.0,0.0,0,5004,-12.84,-10.84
54899,-20.22,-15.86,156.97,0.0,0.0,0.0,0,5000,-17.14,-14.17
54920,-18.15,-13.32,138.08,0.0,0.0,0.0,0,5004,-25.60,-4.83
54941,-17.43,-11.26,126.89,0.0,0.0,0.0,0,5000,-21.02,4.50
54962,-14.64,-9.25,125.44,0.0,0.0,0.0,0,5000,-0.55,13.78
54982,-12.38,-7.42,107.42,0.0,0.0,0.0,0,5000,16.33,13.11
55003,-12.25,-6.32,70.79,0.0,0.0,0.0,0,5000,11.56,-4.61
55024,-9.90,-5.75,47.27,0.0,0.0,0.0,0,5004,3.71,-15.37
55045,-6.82,-5.16,49.16,0.0,0.0,0.0,0,5004,7.07,0.31
55065,-5.20,-4.31,58.60,0.0,0.0,0.0,0,5000,11.62,20.79
55086,-3.29,-3.30,55.81,0.0,0.0,0.0,0,5000,8.74,25.30
55106,-1.85,-2.62,28.54,0.0,0.0,0.0,0,5000,-5.93,10.68
55127,0.83,-2.31,10.13,0.0,0.0,0.0,0,5000,-21.10,-8.83
55147,3.55,-1.87,14.55,0.0,0.0,0.0,0,5000,-21.32,-4.06
55168,3.51,-1.13,27.31,0.0,0.0,0.0,0,5000,-12.23,9.38
55189,3.20,-0.40,26.87,0.0,0.0,0.0,0,5004,-6.91,9.05
55209,2.87,0.14,16.78,0.0,0.0,0.0,0,5000,-5.24,2.96
55230,3.69,0.44,6.95,0.0,0.0,0.0,0,5000,-7.62,-4.14
55250,4.80,0.79,9.68,0.0,0.0,0.0,0,5004,-6.34,-6.54
55271,4.98,1.28,17.22,0.0,0.0,0.0,0,5000,-1.14,-3.14
55291,3.52,1.71,15.82,0.0,0.0,0.0,0,5004,1.65,-5.20
55312,2.69,1.88,6.54,0.0,0.0,0.0,0,5004,0.39,-8.70
55332,2.96,1.88,-0.31,0.0,0.0,0.0,0,5004,0.82,-7.93
55353,2.89,1.82,-1.04,0.0,0.0,0.0,0,5000,2.08,-5.22
55373,2.88,1.81,1.39,0.0,0.0,0.0,0,5000,1.18,-3.06
55394,3.18,1.82,1.65,0.0,0.0,0.0,0,5000,0.71,-5.75
55414,3.34,1.86,1.73,0.0,0.0,0.0,0,5000,1.55,-7.58
55435,2.93,1.87,-0.12,0.0,0.0,0.0,0,5004,-0.94,-6.11
55455,3.11,1.81,-3.57,0.0,0.0,0.0,0,5004,-4.67,-6.24
55476,3.79,1.75,-4.63,0.0,0.0,0.0,0,5000,-3.67,-5.14
55496,2.93,1.70,-2.69,0.0,0.0,0.0,0,5000,-1.81,-6.03
55517,2.46,1.66,-0.14,0.0,0.0,0.0,0,5004,-2.06,-9.15
55537,2.23,1.64,1.41,0.0,0.0,0.0,0,5004,-2.75,-12.43
55558,1.34,1.59,1.77,0.0,0.0,0.0,0,5000,-3.83,-13.11
55578,1.15,1.52,3.81,0.0,0.0,0.0,0,5004,-4.00,-11.54
55599,0.53,1.50,7.62,0.0,0.0,0.0,0,5004,-3.32,-8.70
55619,0.92,1.51,6.42,0.0,0.0,0.0,0,5004,-6.42,-8.58
55640,0.02,1.41,2.24,0.0,0.0,0.0,0,5000,-14.11,-14.59
55660,0.46,1.22,0.00,0.0,0.0,0.0,0,5000,-20.69,-20.87
55681,0.54,1.13,4.46,0.0,0.0,0.0,0,5004,-19.06,-19.45
55702,-0.99,1.01,4.53,0.0,0.0,0.0,0,5000,-16.82,-15.53
55723,-1.22,0.75,-1.59,0.0,0.0,0.0,0,5000,-12.09,-15.02
55743,-0.82,0.39,-9.66,0.0,0.0,0.0,0,5004,-3.55,-14.11
55763,0.87,0.03,-10.72,0.0,0.0,0.0,0,5008,7.70,-13.51
55784,3.26,-0.02,-4.38,0.0,0.0,0.0,0,5000,19.24,-13.27
55804,4.74,0.26,7.07,0.0,0.0,0.0,0,5000,20.57,-13.29
55825,1.86,0.50,3.02,0.0,0.0,0.0,0,5000,6.87,-16.41
55845,1.78,0.43,-5.48,0.0,0.0,0.0,0,5004,-12.78,-27.48
55866,2.90,0.37,-7.11,0.0,0.0,0.0,0,5000,-12.80,-24.64
55886,3.76,0.46,-1.37,0.0,0.0,0.0,0,5004,3.79,-17.39
55907,3.21,0.60,-1.41,0.0,0.0,0.0,0,5000,16.88,-16.57
55928,3.13,0.57,-12.88,0.0,0.0,0.0,0,5000,16.29,-26.07
55949,4.82,0.38,-21.12,0.0,0.0,0.0,0,5000,5.71,-34.57
55969,6.45,0.41,-15.12,0.0,0.0,0.0,0,5004,2.79,-33.65
55990,3.64,0.52,-6.77,0.0,0.0,0.0,0,5000,-3.16,-24.09
56010,1.01,0.42,-10.15,0.0,0.0,0.0,0,5000,-11.96,-21.81
56031,0.46,0.04,-21.83,0.0,0.0,0.0,0,5004,-11.92,-27.35
56051,1.39,-0.45,-26.29,0.0,0.0,0.0,0,5000,-4.10,-31.53
56073,0.90,-0.78,-17.20,0.0,0.0,0.0,0,5004,3.36,-29.86
56093,-0.43,-0.93,-4.99,0.0,0.0,0.0,0,5000,4.28,-28.62
56114,-3.67,-1.06,3.06,0.0,0.0,0.0,0,5000,0.47,-27.95
56134,-6.24,-1.37,0.10,0.0,0.0,0.0,0,5000,-6.69,-23.38
56155,-6.76,-1.94,-8.21,0.0,0.0,0.0,0,5000,-10.09,-21.20
56175,-10.16,-2.68,1.83,0.0,0.0,0.0,0,5004,-16.31,-22.38
56196,-10.95,-3.39,-12.70,0.0,0.0,0.0,0,5004,-47.70,-15.43
56216,-10.81,-4.89,-61.62,0.0,0.0,0.0,0,5004,-78.56,-21.16
56238,-7.09,-6.87,-87.08,0.0,0.0,0.0,0,5004,-59.58,-15.04
56258,-2.61,-8.31,-69.30,0.0,0.0,0.0,0,5000,-15.17,4.69
56279,0.46,-8.81,-40.44,0.0,0.0,0.0,0,5004,5.73,15.10
56299,-0.21,-8.70,-19.91,0.0,0.0,0.0,0,5000,18.92,2.30
56320,-4.20,-8.36,4.91,0.0,0.0,0.0,0,5000,28.23,-15.17
56340,-9.44,-7.92,29.58,0.0,0.0,0.0,0,5000,22.81,-29.64
56360,-13.58,-7.69,29.72,0.0,0.0,0.0,0,5000,18.59,-42.48
56382,-13.42,-7.89,8.46,0.0,0.0,0.0,0,5004,20.79,-47.31
56402,-9.25,-8.24,-7.56,0.0,0.0,0.0,0,5000,21.87,-34.02
56423,-3.85,-8.31,-11.09,0.0,0.0,0.0,0,5004,17.71,-17.90
56443,-1.63,-8.15,-13.53,0.0,0.0,0.0,0,5000,15.51,-13.66
56464,-1.85,-7.95,-12.29,0.0,0.0,0.0,0,5004,9.13,-19.67
56485,-3.22,-7.67,0.20,0.0,0.0,0.0,0,5004,5.73,-24.95
56506,-4.93,-7.23,15.33,0.0,0.0,0.0,0,5004,18.49,-18.92
56526,-7.19,-6.78,21.67,0.0,0.0,0.0,0,5000,37.97,-7.64
56547,-8.06,-6.62,9.97,0.0,0.0,0.0,0,5004,41.93,-4.81
56567,-5.32,-6.62,-2.02,0.0,0.0,0.0,0,5004,36.16,-3.36
56588,-2.45,-6.47,-2.00,0.0,0.0,0.0,0,5000,26.82,1.59
56608,-1.03,-6.11,-0.16,0.0,0.0,0.0,0,5004,20.46,4.77
56629,-2.50,-5.78,1.22,0.0,0.0,0.0,0,5004,9.07,-0.31
56649,-3.82,-5.58,1.51,0.0,0.0,0.0,0,5000,-2.43,-6.50
56670,-4.96,-5.47,2.12,0.0,0.0,0.0,0,5000,-5.69,-8.68
56690,-5.23,-5.38,3.71,0.0,0.0,0.0,0,5004,-2.04,-10.95
56711,-6.64,-5.35,4.65,0.0,0.0,0.0,0,5004,-1.79,-9.64
56731,-8.82,-5.47,4.26,0.0,0.0,0.0,0,5000,-11.78,-7.56
56752,-9.19,-5.78,-4.16,0.0,0.0,0.0,0,5000,-14.31,-8.05
56773,-6.49,-6.14,-12.90,0.0,0.0,0.0,0,5000,-5.93,-7.64
56794,-5.27,-6.38,-13.41,0.0,0.0,0.0,0,5000,-4.55,-9.03
56814,-5.87,-6.50,-6.09,0.0,0.0,0.0,0,5004,-10.72,-10.29
56835,-7.98,-6.62,-0.12,0.0,0.0,0.0,0,5004,-5.10,-8.74
56855,-8.01,-6.72,2.32,0.0,0.0,0.0,0,5000,10.05,-4.75
56876,-7.50,-6.76,3.40,0.0,0.0,0.0,0,5000,15.14,-3.85
56896,-7.75,-6.78,2.24,0.0,0.0,0.0,0,5000,7.99,-6.77
56916,-8.17,-6.89,0.88,0.0,0.0,0.0,0,5000,-1.59,-9.74
56937,-8.53,-7.04,-1.30,0.0,0.0,0.0,0,5000,-4.06,-10.68
56957,-9.42,-7.29,-4.71,0.0,0.0,0.0,0,5000,-3.85,-10.66
56978,-9.94,-7.64,-6.28,0.0,0.0,0.0,0,5004,-2.89,-9.99
56998,-10.59,-7.97,-2.26,0.0,0.0,0.0,0,5000,0.69,-4.14
57019,-11.41,-8.22,3.77,0.0,0.0,0.0,0,5004,10.48,5.63
57040,-11.75,-8.44,3.22,0.0,0.0,0.0,0,5004,20.14,10.07
57061,-10.54,-8.73,-4.77,0.0,0.0,0.0,0,5004,23.77,6.56
57081,-9.07,-8.99,-8.11,0.0,0.0,0.0,0,5004,19.32,3.22
57102,-9.93,-9.22,-5.89,0.0,0.0,0.0,0,5000,7.09,5.22
57122,-11.31,-9.52,-6.83,0.0,0.0,0.0,0,5004,-0.18,8.81
57143,-10.67,-9.90,-13.82,0.0,0.0,0.0,0,5000,2.98,8.01
57163,-9.59,-10.30,-18.75,0.0,0.0,0.0,0,5004,2.24,3.32
57184,-9.51,-10.65,-16.55,0.0,0.0,0.0,0,5004,-5.48,1.45
57204,-10.69,-10.96,-14.59,0.0,0.0,0.0,0,5000,-13.09,3.42
57226,-12.96,-11.39,-15.33,0.0,0.0,0.0,0,5004,-12.52,8.34
57246,-14.12,-12.11,-28.25,0.0,0.0,0.0,0,5004,-1.92,8.54
57267,-10.60,-12.93,-41.66,0.0,0.0,0.0,0,5004,13.33,6.91
57287,-7.78,-13.47,-38.59,0.0,0.0,0.0,0,5000,20.95,8.19
57308,-8.01,-13.75,-34.51,0.0,0.0,0.0,0,5000,12.17,3.51
57329,-10.17,-14.23,-39.28,0.0,0.0,0.0,0,5004,-5.36,-11.54
57350,-12.48,-14.78,-33.65,0.0,0.0,0.0,0,5004,-10.86,-16.10
57370,-17.76,-15.50,-31.57,0.0,0.0,0.0,0,5004,-4.16,-3.42
57391,-24.65,-16.77,-39.95,0.0,0.0,0.0,0,5004,10.54,11.78
57412,-30.11,-18.96,-74.38,0.0,0.0,0.0,0,5004,32.23,32.06
57433,-28.99,-21.93,-125.95,0.0,0.0,0.0,0,5000,39.09,27.56
57453,-23.67,-25.53,-182.92,0.0,0.0,0.0,0,5000,32.43,-3.28
57474,-22.29,-29.32,-208.50,0.0,0.0,0.0,0,5004,15.74,-20.26
57495,-25.98,-33.05,-204.46,0.0,0.0,0.0,0,5004,-11.46,-17.71
57516,-35.69,-37.29,-226.21,0.0,0.0,0.0,0,5000,-22.26,-19.63
57536,-46.92,-43.07,-296.11,0.0,0.0,0.0,0,5004,3.63,-21.83
57558,-45.96,-50.72,-413.35,0.0,0.0,0.0,0,5000,36.77,-71.85
57578,-41.37,-59.41,-480.39,0.0,0.0,0.0,0,5004,62.35,-133.59
57598,-34.74,-66.11,-364.80,0.0,0.0,0.0,0,5004,74.91,-114.37
57620,-56.14,-68.73,-164.02,0.0,0.0,0.0,0,5004,56.97,-28.84
57640,-61.25,-68.39,5.61,0.0,0.0,0.0,0,5000,38.14,32.94
57661,-70.46,-66.89,80.02,0.0,0.0,0.0,0,5004,26.13,43.15
57682,-75.71,-65.79,65.51,0.0,0.0,0.0,0,5004,23.18,-9.05
57703,-78.75,-66.10,8.42,0.0,0.0,0.0,0,5004,9.03,-60.40
57723,-73.99,-67.21,-39.46,0.0,0.0,0.0,0,5000,-14.72,-67.94
57744,-69.79,-68.54,-56.48,0.0,0.0,0.0,0,5000,-47.70,-52.85
57765,-69.58,-69.61,-50.96,0.0,0.0,0.0,0,5004,-64.02,-25.17
57786,-71.74,-70.67,-49.21,0.0,0.0,0.0,0,5000,-47.74,-4.06
57806,-73.86,-71.89,-53.75,0.0,0.0,0.0,0,5000,-15.67,6.20
57827,-72.19,-72.86,-45.39,0.0,0.0,0.0,0,5000,17.53,12.01
57848,-70.87,-73.39,-22.12,0.0,0.0,0.0,0,5000,31.06,9.13
57869,-69.63,-73.10,7.75,0.0,0.0,0.0,0,5004,27.66,5.91
57889,-66.36,-72.17,30.47,0.0,0.0,0.0,0,5000,4.83,3.32
57910,-66.44,-70.80,49.94,0.0,0.0,0.0,0,5004,-21.30,4.32
57931,-75.64,-69.72,57.05,0.0,0.0,0.0,0,5004,-28.43,4.61
57952,-78.91,-69.31,38.67,0.0,0.0,0.0,0,5000,-22.20,-0.92
57972,-76.57,-69.62,-0.10,0.0,0.0,0.0,0,5004,-14.78,-6.28
57993,-71.35,-70.19,-22.63,0.0,0.0,0.0,0,5004,-19.10,-6.44
58013,-69.07,-70.55,-20.87,0.0,0.0,0.0,0,5004,-28.68,-0.47
58035,-68.13,-70.48,4.16,0.0,0.0,0.0,0,5000,-25.72,9.38
58055,-66.62,-69.60,45.86,0.0,0.0,0.0,0,5000,-12.31,14.51
58076,-65.66,-67.79,89.54,0.0,0.0,0.0,0,5004,1.69,15.47
58096,-62.94,-65.26,120.40,0.0,0.0,0.0,0,5004,12.74,17.26
58118,-63.12,-62.40,139.38,0.0,0.0,0.0,0,5000,14.57,18.22
58138,-62.83,-59.40,157.03,0.0,0.0,0.0,0,5000,18.43,15.37
58159,-61.23,-56.16,179.56,0.0,0.0,0.0,0,5004,23.75,11.03
58180,-54.61,-52.44,201.71,0.0,0.0,0.0,0,5000,25.64,-2.36
58201,-51.35,-48.37,196.31,0.0,0.0,0.0,0,5004,15.19,-13.35
58221,-49.17,-44.71,182.72,0.0,0.0,0.0,0,5000,-10.15,-36.51
58243,-45.05,-41.27,183.14,0.0,0.0,0.0,0,5000,-34.73,-53.12
58263,-43.94,-37.86,182.69,0.0,0.0,0.0,0,5004,-61.88,-41.28
58284,-42.34,-34.61,186.61,0.0,0.0,0.0,0,5004,-73.38,-32.88
58304,-40.42,-31.55,182.19,0.0,0.0,0.0,0,5000,-53.30,-36.32
58326,-33.56,-28.43,165.17,0.0,0.0,0.0,0,5004,-37.91,-34.22
58346,-32.73,-26.11,120.18,0.0,0.0,0.0,0,5004,-54.53,-39.40
58366,-29.13,-24.33,107.03,0.0,0.0,0.0,0,5000,-70.10,-58.05
58388,-25.33,-22.34,120.34,0.0,0.0,0.0,0,5000,-46.60,-35.85
58408,-25.65,-20.18,122.95,0.0,0.0,0.0,0,5004,-16.53,-22.48
58429,-23.37,-18.26,112.15,0.0,0.0,0.0,0,5004,-1.39,-18.45
58450,-21.44,-16.66,95.70,0.0,0.0,0.0,0,5004,5.10,-16.84
58471,-19.31,-15.23,87.65,0.0,0.0,0.0,0,5000,10.44,-14.45
58491,-18.06,-13.94,77.86,0.0,0.0,0.0,0,5000,11.82,-9.56
58512,-16.88,-12.96,65.12,0.0,0.0,0.0,0,5000,5.73,-9.25
58533,-14.87,-11.99,66.80,0.0,0.0,0.0,0,5000,0.12,-4.00
58554,-14.75,-10.92,74.15,0.0,0.0,0.0,0,5004,-5.18,13.19
58574,-15.87,-9.90,75.78,0.0,0.0,0.0,0,5000,-7.24,25.93
58595,-16.66,-9.29,54.83,0.0,0.0,0.0,0,5000,-4.67,27.90
58615,-15.24,-9.20,31.86,0.0,0.0,0.0,0,5000,4.26,23.77
58636,-11.40,-9.18,20.36,0.0,0.0,0.0,0,5004,13.76,29.58
58657,-6.94,-8.86,23.64,0.0,0.0,0.0,0,5004,17.18,39.89
58678,-4.29,-8.32,18.92,0.0,0.0,0.0,0,5000,11.56,40.93
58698,-3.30,-7.87,8.87,0.0,0.0,0.0,0,5004,-3.20,32.53
58719,-0.92,-7.44,4.85,0.0,0.0,0.0,0,5000,-20.42,27.44
58739,1.61,-6.84,5.95,0.0,0.0,0.0,0,5000,-34.51,22.26
58760,1.83,-6.13,8.34,0.0,0.0,0.0,0,5000,-42.19,14.70
58780,0.82,-5.53,5.32,0.0,0.0,0.0,0,5000,-43.19,4.91
58802,-0.29,-5.10,4.42,0.0,0.0,0.0,0,5004,-38.20,-2.61
58822,-1.62,-4.75,7.42,0.0,0.0,0.0,0,5004,-31.00,-1.71
58843,-1.89,-4.42,10.11,0.0,0.0,0.0,0,5000,-21.42,1.32
58863,-3.33,-4.18,9.78,0.0,0.0,0.0,0,5000,-8.23,0.61
58884,-3.82,-4.08,5.28,0.0,0.0,0.0,0,5000,1.06,-3.32
58904,-3.05,-4.08,-0.71,0.0,0.0,0.0,0,5000,3.67,-7.70
58925,-1.76,-3.99,2.57,0.0,0.0,0.0,0,5000,2.75,-5.03
58945,-1.88,-3.72,11.56,0.0,0.0,0.0,0,5000,2.69,2.18
58966,-3.54,-3.46,12.33,0.0,0.0,0.0,0,5004,2.08,3.97
58986,-4.32,-3.43,5.08,0.0,0.0,0.0,0,5000,2.24,0.63
59006,-3.81,-3.51,0.04,0.0,0.0,0.0,0,5000,3.32,-1.83
59027,-3.54,-3.57,2.63,0.0,0.0,0.0,0,5004,1.47,1.67
59047,-4.57,-3.57,6.91,0.0,0.0,0.0,0,5000,-3.65,6.73
59068,-5.66,-3.62,7.42,0.0,0.0,0.0,0,5004,-6.93,8.13
59088,-5.16,-3.76,1.69,0.0,0.0,0.0,0,5004,-0.49,3.77
59109,-3.48,-3.85,0.86,0.0,0.0,0.0,0,5004,10.31,2.79
59129,-2.39,-3.75,5.71,0.0,0.0,0.0,0,5004,16.57,3.59
59150,-2.90,-3.59,9.09,0.0,0.0,0.0,0,5004,13.88,1.16
59170,-3.00,-3.41,11.41,0.0,0.0,0.0,0,5000,5.36,-2.49
59191,-2.68,-3.20,12.94,0.0,0.0,0.0,0,5000,1.69,-6.30
59211,-3.19,-2.98,12.82,0.0,0.0,0.0,0,5004,-2.36,-7.68
59233,-5.09,-2.98,7.68,0.0,0.0,0.0,0,5004,-10.82,-9.03
59253,-6.14,-3.15,5.08,0.0,0.0,0.0,0,5004,-20.93,-4.12
59274,-5.86,-3.37,3.28,0.0,0.0,0.0,0,5004,-17.94,5.28
59294,-3.54,-3.53,-1.12,0.0,0.0,0.0,0,5000,-3.49,7.30
59315,-1.15,-3.51,0.22,0.0,0.0,0.0,0,5004,11.48,7.95
59335,-0.96,-3.32,5.56,0.0,0.0,0.0,0,5004,12.25,10.29
59356,-1.89,-3.13,6.01,0.0,0.0,0.0,0,5000,1.49,9.99
59376,-2.08,-3.09,-2.53,0.0,0.0,0.0,0,5000,-7.03,6.64
59397,-1.23,-3.21,-12.03,0.0,0.0,0.0,0,5000,-7.50,3.49
59417,-0.44,-3.34,-11.86,0.0,0.0,0.0,0,5000,-6.36,4.97
59438,0.04,-3.27,-2.24,0.0,0.0,0.0,0,5004,-6.77,11.80
59458,-0.89,-3.06,4.53,0.0,0.0,0.0,0,5000,-4.38,13.41
59479,-1.81,-2.92,3.10,0.0,0.0,0.0,0,5000,-0.22,8.38
59499,-1.46,-2.84,1.83,0.0,0.0,0.0,0,5000,5.20,4.16
59520,-1.28,-2.74,0.79,0.0,0.0,0.0,0,5004,10.09,1.55
59540,-2.32,-2.72,-1.12,0.0,0.0,0.0,0,5000,7.30,-2.69
59560,-3.04,-2.79,-0.53,0.0,0.0,0.0,0,5004,-0.86,-3.02
59582,-3.69,-2.88,-0.43,0.0,0.0,0.0,0,5000,-6.87,-0.49
59602,-4.00,-3.02,-0.06,0.0,0.0,0.0,0,5000,-9.44,2.91
59623,-4.26,-3.14,1.55,0.0,0.0,0.0,0,5000,-10.60,6.20
59643,-4.85,-3.29,-0.26,0.0,0.0,0.0,0,5000,-10.74,5.22
59664,-5.40,-3.53,-3.44,0.0,0.0,0.0,0,5004,-9.87,3.02
59684,-5.03,-3.77,-2.83,0.0,0.0,0.0,0,5000,-5.61,5.50
59705,-4.26,-3.96,-4.02,0.0,0.0,0.0,0,5000,-2.38,7.15
59725,-4.32,-4.19,-8.48,0.0,0.0,0.0,0,5000,-4.24,3.53
59746,-3.64,-4.37,-6.77,0.0,0.0,0.0,0,5004,-6.60,1.94
59766,-3.82,-4.46,-2.34,0.0,0.0,0.0,0,5004,-6.07,5.14
59787,-4.86,-4.52,0.98,0.0,0.0,0.0,0,5000,-4.30,7.34
59807,-5.93,-4.71,-4.16,0.0,0.0,0.0,0,5004,-2.63,6.52
59828,-5.91,-5.04,-10.23,0.0,0.0,0.0,0,5004,-0.45,6.40
59848,-4.88,-5.34,-10.76,0.0,0.0,0.0,0,5000,4.18,8.15
59869,-2.44,-5.38,-4.32,0.0,0.0,0.0,0,5004,7.17,11.39
59889,-1.92,-5.18,0.31,0.0,0.0,0.0,0,5000,5.99,7.81
59910,-3.10,-4.99,1.63,0.0,0.0,0.0,0,5004,-2.71,0.75
59930,-5.00,-4.95,1.83,0.0,0.0,0.0,0,5004,-13.43,-3.18
59951,-6.93,-5.07,0.63,0.0,0.0,0.0,0,5004,-17.90,0.14
59971,-6.19,-5.25,-1.32,0.0,0.0,0.0,0,5000,-10.74,4.18
59992,-4.42,-5.35,-4.18,0.0,0.0,0.0,0,5004,-0.12,0.75
60012,-2.52,-5.29,-1.75,0.0,0.0,0.0,0,5000,3.32,-4.24
60033,-2.71,-5.08,4.99,0.0,0.0,0.0,0,5000,-0.16,-6.79
60053,-3.55,-4.79,11.31,0.0,0.0,0.0,0,5000,-3.36,-6.28
60075,-5.40,-4.57,12.90,0.0,0.0,0.0,0,5000,-3.26,-5.58
60095,-5.92,-4.50,8.91,0.0,0.0,0.0,0,5004,-1.16,-5.01
60115,-5.94,-4.54,3.34,0.0,0.0,0.0,0,5004,1.65,-5.99
60136,-4.74,-4.62,-0.73,0.0,0.0,0.0,0,5000,3.36,-7.68
60156,-4.09,-4.64,0.82,0.0,0.0,0.0,0,5000,1.81,-6.60
60177,-4.47,-4.60,3.93,0.0,0.0,0.0,0,5004,-1.00,-5.36
60197,-4.65,-4.55,5.42,0.0,0.0,0.0,0,5000,-3.10,-5.10
60218,-4.48,-4.48,5.93,0.0,0.0,0.0,0,5000,-2.08,-5.18
60238,-4.70,-4.44,4.26,0.0,0.0,0.0,0,5004,-0.82,-6.26
60259,-5.52,-4.51,0.41,0.0,0.0,0.0,0,5000,-3.42,-8.74
60279,-6.17,-4.68,-1.39,0.0,0.0,0.0,0,5004,-6.69,-5.89
60300,-5.84,-4.87,-2.59,0.0,0.0,0.0,0,5000,-5.85,-1.69
60320,-5.13,-5.02,-3.12,0.0,0.0,0.0,0,5000,-2.67,-0.98
60341,-4.28,-5.09,-1.98,0.0,0.0,0.0,0,5004,-0.71,-2.67
60361,-3.92,-5.02,3.20,0.0,0.0,0.0,0,5004,-0.45,-2.43
60382,-4.34,-4.90,6.54,0.0,0.0,0.0,0,5000,-1.39,-2.10
60402,-4.37,-4.78,5.54,0.0,0.0,0.0,0,5000,-3.20,-4.97
60423,-4.90,-4.75,3.71,0.0,0.0,0.0,0,5004,-7.32,-6.38
60443,-6.10,-4.80,3.69,0.0,0.0,0.0,0,5000,-12.29,-3.04
60464,-6.68,-4.91,2.34,0.0,0.0,0.0,0,5004,-13.86,2.47
60484,-6.02,-5.08,-2.71,0.0,0.0,0.0,0,5004,-9.91,4.75
60505,-3.70,-5.22,-8.28,0.0,0.0,0.0,0,5004,-2.47,1.51
60525,-2.07,-5.21,-6.07,0.0,0.0,0.0,0,5000,0.16,-1.04
60546,-2.23,-5.05,0.20,0.0,0.0,0.0,0,5004,-1.92,-2.65
60566,-3.56,-4.88,3.81,0.0,0.0,0.0,0,5000,-5.52,-3.44
60587,-5.18,-4.83,2.79,0.0,0.0,0.0,0,5004,-7.48,-3.85
60607,-5.47,-4.91,-1.55,0.0,0.0,0.0,0,5000,-5.77,-4.71
60627,-4.64,-5.02,-3.75,0.0,0.0,0.0,0,5000,-3.32,-5.18
60648,-3.80,-5.04,-1.51,0.0,0.0,0.0,0,5000,-3.18,-5.48
60668,-3.42,-4.94,2.38,0.0,0.0,0.0,0,5000,-3.59,-6.95
60689,-3.80,-4.77,7.03,0.0,0.0,0.0,0,5000,-3.53,-7.30
60709,-4.32,-4.56,10.97,0.0,0.0,0.0,0,5000,-3.59,-7.36
60731,-5.99,-4.44,11.23,0.0,0.0,0.0,0,5004,-4.63,-7.44
60751,-7.22,-4.47,7.79,0.0,0.0,0.0,0,5000,-5.95,-6.64
60772,-7.33,-4.65,1.94,0.0,0.0,0.0,0,5004,-4.08,-4.48
60792,-6.41,-4.88,-3.38,0.0,0.0,0.0,0,5000,-0.08,-2.34
60813,-4.50,-5.02,-4.24,0.0,0.0,0.0,0,5004,1.37,-3.06
60833,-3.94,-5.04,-1.04,0.0,0.0,0.0,0,5000,-0.22,-5.63
60854,-4.24,-4.97,3.36,0.0,0.0,0.0,0,5000,-3.79,-5.10
60874,-4.98,-4.88,7.22,0.0,0.0,0.0,0,5000,-4.97,-3.30
60895,-5.88,-4.83,7.05,0.0,0.0,0.0,0,5004,-4.36,-1.75
60915,-5.73,-4.85,3.06,0.0,0.0,0.0,0,5004,-3.16,-2.02
60936,-5.30,-4.96,-2.67,0.0,0.0,0.0,0,5004,-3.06,-4.65
60956,-4.76,-5.09,-4.75,0.0,0.0,0.0,0,5000,-3.42,-5.89
60977,-4.54,-5.18,-2.28,0.0,0.0,0.0,0,5004,-4.26,-5.08
60997,-4.65,-5.20,-0.02,0.0,0.0,0.0,0,5000,-4.32,-1.53
61018,-4.24,-5.17,0.29,0.0,0.0,0.0,0,5000,-3.02,-1.98
61038,-3.90,-5.13,-0.51,0.0,0.0,0.0,0,5000,-1.96,-4.85
61059,-3.56,-5.03,1.32,0.0,0.0,0.0,0,5004,-1.85,-5.56
61079,-3.77,-4.89,5.20,0.0,0.0,0.0,0,5000,-3.18,-4.44
61100,-4.95,-4.80,4.89,0.0,0.0,0.0,0,5000,-4.89,-4.77
61120,-5.64,-4.84,1.18,0.0,0.0,0.0,0,5000,-4.57,-6.01
61140,-5.70,-4.95,-1.32,0.0,0.0,0.0,0,5000,-2.85,-6.93
61161,-4.99,-5.01,0.55,0.0,0.0,0.0,0,5004,-0.49,-6.26
61181,-4.96,-4.98,4.34,0.0,0.0,0.0,0,5000,-0.55,-5.50
61202,-5.85,-4.95,6.58,0.0,0.0,0.0,0,5004,-3.44,-4.79
61222,-6.87,-4.99,4.59,0.0,0.0,0.0,0,5004,-4.46,-3.77
61243,-6.74,-5.13,-0.29,0.0,0.0,0.0,0,5004,-3.55,-3.26
61263,-5.51,-5.29,-3.61,0.0,0.0,0.0,0,5000,-2.77,-3.04
61284,-4.18,-5.36,-2.89,0.0,0.0,0.0,0,5000,-3.06,-3.73
61304,-3.81,-5.30,0.77,0.0,0.0,0.0,0,5004,-3.61,-4.32
61325,-4.04,-5.18,3.87,0.0,0.0,0.0,0,5004,-4.50,-4.40
61345,-4.78,-5.07,5.26,0.0,0.0,0.0,0,5000,-4.55,-4.16
61366,-5.32,-5.02,3.87,0.0,0.0,0.0,0,5004,-4.57,-4.57
61386,-5.47,-5.05,0.67,0.0,0.0,0.0,0,5000,-3.97,-5.36
61408,-5.22,-5.12,-1.57,0.0,0.0,0.0,0,5004,-3.04,-6.01
61428,-5.00,-5.18,-0.75,0.0,0.0,0.0,0,5000,-2.71,-6.22
61449,-4.85,-5.18,0.84,0.0,0.0,0.0,0,5000,-2.47,-4.36
61469,-4.44,-5.11,3.24,0.0,0.0,0.0,0,5004,-2.28,-2.85
61490,-4.07,-5.01,3.51,0.0,0.0,0.0,0,5004,-2.06,-3.97
61510,-4.39,-4.92,2.85,0.0,0.0,0.0,0,5004,-2.98,-6.73
61531,-5.21,-4.90,3.12,0.0,0.0,0.0,0,5004,-4.20,-7.68
61551,-5.98,-4.93,4.00,0.0,0.0,0.0,0,5000,-3.49,-5.95
61572,-6.34,-4.99,3.40,0.0,0.0,0.0,0,5000,-2.00,-3.42
61592,-5.99,-5.08,1.75,0.0,0.0,0.0,0,5000,-0.90,-2.79
61613,-4.94,-5.12,-0.69,0.0,0.0,0.0,0,5000,-0.88,-4.57
61633,-4.49,-5.13,-0.51,0.0,0.0,0.0,0,5000,-3.42,-6.07
61654,-4.74,-5.10,2.28,0.0,0.0,0.0,0,5004,-5.54,-4.99
61674,-4.80,-5.04,4.20,0.0,0.0,0.0,0,5000,-5.38,-3.83
61694,-5.29,-5.01,3.75,0.0,0.0,0.0,0,5004,-4.44,-3.61
61715,-4.88,-4.99,3.26,0.0,0.0,0.0,0,5004,-3.26,-4.34
61735,-4.83,-4.94,3.71,0.0,0.0,0.0,0,5004,-2.18,-3.69
61756,-4.75,-4.89,4.20,0.0,0.0,0.0,0,5000,-2.83,-3.32
61776,-5.26,-4.87,3.20,0.0,0.0,0.0,0,5004,-3.38,-3.51
61797,-4.92,-4.88,1.83,0.0,0.0,0.0,0,5000,-2.45,-3.85
61817,-4.46,-4.87,0.55,0.0,0.0,0.0,0,5000,-1.28,-4.95
61838,-3.96,-4.84,1.00,0.0,0.0,0.0,0,5000,-2.41,-6.34
61858,-4.39,-4.77,3.49,0.0,0.0,0.0,0,5000,-4.50,-6.42
61879,-5.69,-4.75,5.12,0.0,0.0,0.0,0,5004,-6.34,-4.61
61899,-5.81,-4.77,4.40,0.0,0.0,0.0,0,5000,-5.06,-2.45
61920,-5.29,-4.80,2.00,0.0,0.0,0.0,0,5000,-0.96,-2.65
61940,-4.57,-4.84,-0.35,0.0,0.0,0.0,0,5000,0.37,-4.77
61961,-4.21,-4.83,0.71,0.0,0.0,0.0,0,5004,-1.71,-5.24
61981,-4.26,-4.78,3.97,0.0,0.0,0.0,0,5000,-4.06,-3.87
62002,-5.12,-4.72,4.87,0.0,0.0,0.0,0,5004,-4.46,-3.65
62022,-5.29,-4.73,2.59,0.0,0.0,0.0,0,5004,-3.95,-4.38
62043,-5.30,-4.80,0.18,0.0,0.0,0.0,0,5000,-4.18,-5.22
62063,-4.97,-4.85,0.47,0.0,0.0,0.0,0,5000,-3.51,-4.61
62084,-4.69,-4.84,3.16,0.0,0.0,0.0,0,5004,-2.30,-3.18
62104,-5.14,-4.80,5.20,0.0,0.0,0.0,0,5004,-1.88,-2.30
62125,-5.33,-4.78,3.87,0.0,0.0,0.0,0,5004,-2.49,-2.53
62145,-4.83,-4.80,0.59,0.0,0.0,0.0,0,5000,-3.10,-3.32
62166,-4.73,-4.87,-1.61,0.0,0.0,0.0,0,5004,-4.38,-3.47
62186,-4.41,-4.91,-0.79,0.0,0.0,0.0,0,5004,-4.59,-2.57
62208,-3.93,-4.89,0.63,0.0,0.0,0.0,0,5000,-2.63,-2.57
62228,-3.74,-4.83,1.02,0.0,0.0,0.0,0,5004,-0.71,-4.06
62248,-3.76,-4.76,1.73,0.0,0.0,0.0,0,5000,-0.55,-5.65
62269,-3.84,-4.67,2.91,0.0,0.0,0.0,0,5004,-2.22,-5.42
62289,-5.04,-4.64,2.49,0.0,0.0,0.0,0,5000,-4.12,-4.99
62310,-4.93,-4.67,0.92,0.0,0.0,0.0,0,5004,-4.61,-5.26
62330,-4.75,-4.72,0.59,0.0,0.0,0.0,0,5000,-2.28,-4.83
62351,-4.67,-4.72,2.65,0.0,0.0,0.0,0,5000,-0.20,-4.12
62371,-4.95,-4.69,4.77,0.0,0.0,0.0,0,5004,0.24,-3.89
62392,-5.25,-4.67,4.53,0.0,0.0,0.0,0,5000,-1.55,-4.04
62412,-5.81,-4.73,1.12,0.0,0.0,0.0,0,5000,-3.77,-4.59
62433,-5.42,-4.86,-2.71,0.0,0.0,0.0,0,5004,-5.40,-4.36
62453,-4.57,-4.98,-3.49,0.0,0.0,0.0,0,5004,-5.52,-3.81
62474,-3.79,-4.98,-0.77,0.0,0.0,0.0,0,5000,-3.63,-3.97
62494,-3.97,-4.89,4.08,0.0,0.0,0.0,0,5004,-1.75,-4.26
62515,-4.39,-4.73,8.11,0.0,0.0,0.0,0,5004,-1.04,-3.53
62535,-5.41,-4.62,7.62,0.0,0.0,0.0,0,5000,-1.67,-3.53
62556,-6.01,-4.65,3.55,0.0,0.0,0.0,0,5004,-2.59,-4.26
62576,-5.90,-4.75,-0.33,0.0,0.0,0.0,0,5000,-3.30,-4.59
62597,-5.62,-4.89,-2.06,0.0,0.0,0.0,0,5000,-4.32,-4.04
62617,-4.76,-4.97,-1.10,0.0,0.0,0.0,0,5000,-4.95,-2.49
62638,-4.35,-4.99,0.55,0.0,0.0,0.0,0,5000,-2.85,-1.94
62658,-3.58,-4.90,3.00,0.0,0.0,0.0,0,5004,1.06,-2.77
62679,-3.41,-4.73,5.99,0.0,0.0,0.0,0,5004,1.57,-4.10
62699,-4.39,-4.57,7.54,0.0,0.0,0.0,0,5000,-1.55,-4.50
62720,-5.43,-4.52,5.52,0.0,0.0,0.0,0,5004,-4.14,-4.24
62740,-5.65,-4.60,0.73,0.0,0.0,0.0,0,5004,-4.14,-3.87
62760,-5.02,-4.71,-2.83,0.0,0.0,0.0,0,5000,-3.20,-4.02
62781,-3.95,-4.78,-2.85,0.0,0.0,0.0,0,5000,-3.16,-4.46
62801,-3.62,-4.76,0.29,0.0,0.0,0.0,0,5004,-3.20,-5.34
62822,-3.79,-4.64,4.36,0.0,0.0,0.0,0,5004,-2.98,-4.28
62842,-4.49,-4.50,7.91,0.0,0.0,0.0,0,5004,-2.96,-3.16
62863,-5.31,-4.42,7.01,0.0,0.0,0.0,0,5004,-3.04,-3.67
62883,-5.98,-4.46,2.83,0.0,0.0,0.0,0,5000,-3.02,-4.61
62904,-5.20,-4.56,-0.43,0.0,0.0,0.0,0,5004,-2.79,-4.38
62924,-4.78,-4.65,-0.92,0.0,0.0,0.0,0,5004,-3.36,-3.97
62945,-3.96,-4.67,0.47,0.0,0.0,0.0,0,5004,-3.47,-3.81
62966,-4.01,-4.60,3.10,0.0,0.0,0.0,0,5004,-3.73,-3.22
62987,-4.30,-4.54,3.67,0.0,0.0,0.0,0,5000,-3.73,-3.93
63007,-4.50,-4.51,2.51,0.0,0.0,0.0,0,5004,-2.38,-5.63
63028,-4.59,-4.51,1.94,0.0,0.0,0.0,0,5000,-1.69,-5.28
63048,-4.40,-4.49,3.00,0.0,0.0,0.0,0,5004,-2.61,-3.87
63069,-4.74,-4.49,2.32,0.0,0.0,0.0,0,5000,-3.69,-3.55
63089,-4.52,-4.51,1.10,0.0,0.0,0.0,0,5000,-3.83,-4.28
63110,-4.32,-4.54,0.37,0.0,0.0,0.0,0,5000,-2.36,-4.57
63130,-3.97,-4.53,1.04,0.0,0.0,0.0,0,5000,-1.41,-5.20
63151,-4.45,-4.51,2.75,0.0,0.0,0.0,0,5004,-2.04,-5.32
63171,-5.00,-4.49,4.00,0.0,0.0,0.0,0,5000,-3.20,-4.65
63192,-5.35,-4.52,3.14,0.0,0.0,0.0,0,5000,-2.32,-3.71
63212,-5.47,-4.59,0.96,0.0,0.0,0.0,0,5004,-2.02,-3.59
63233,-4.41,-4.65,-0.16,0.0,0.0,0.0,0,5008,-3.20,-3.69
63253,-4.20,-4.65,0.88,0.0,0.0,0.0,0,5004,-4.81,-3.04
63273,-4.53,-4.63,2.00,0.0,0.0,0.0,0,5000,-6.16,-2.67
63294,-4.50,-4.63,1.53,0.0,0.0,0.0,0,5000,-5.54,-3.08
63314,-4.29,-4.62,1.06,0.0,0.0,0.0,0,5004,-2.71,-3.97
63335,-4.26,-4.60,1.79,0.0,0.0,0.0,0,5000,-1.67,-4.22
63355,-4.35,-4.57,2.65,0.0,0.0,0.0,0,5004,-2.41,-3.87
63376,-4.41,-4.54,2.10,0.0,0.0,0.0,0,5000,-2.85,-3.06
63396,-4.47,-4.55,0.26,0.0,0.0,0.0,0,5000,-3.26,-3.89
63417,-3.85,-4.55,-0.67,0.0,0.0,0.0,0,5004,-3.85,-4.89
63437,-3.63,-4.53,0.02,0.0,0.0,0.0,0,5004,-4.30,-5.65
63458,-3.79,-4.47,2.49,0.0,0.0,0.0,0,5004,-3.32,-6.09
63478,-4.16,-4.37,5.54,0.0,0.0,0.0,0,5000,-2.41,-5.89
63499,-5.17,-4.32,6.09,0.0,0.0,0.0,0,5000,-3.67,-5.71
63519,-5.55,-4.35,3.47,0.0,0.0,0.0,0,5000,-4.99,-5.32
63540,-5.38,-4.45,0.31,0.0,0.0,0.0,0,5000,-3.67,-4.65
63560,-5.01,-4.56,-1.39,0.0,0.0,0.0,0,5000,-1.69,-4.83
63581,-4.55,-4.63,-0.14,0.0,0.0,0.0,0,5000,-1.43,-4.83
63601,-4.49,-4.63,2.12,0.0,0.0,0.0,0,5004,-1.55,-4.08
63622,-4.90,-4.63,3.40,0.0,0.0,0.0,0,5000,-2.12,-3.63
63642,-5.06,-4.63,3.53,0.0,0.0,0.0,0,5000,-1.59,-3.08
63663,-5.42,-4.66,2.61,0.0,0.0,0.0,0,5000,-1.81,-2.47
63683,-5.45,-4.74,0.14,0.0,0.0,0.0,0,5000,-3.89,-2.49
63704,-5.37,-4.87,-2.49,0.0,0.0,0.0,0,5004,-5.34,-2.49
63724,-4.43,-4.95,-1.79,0.0,0.0,0.0,0,5000,-5.14,-1.94
63746,-4.09,-4.94,0.16,0.0,0.0,0.0,0,5000,-4.40,-1.45
63766,-3.44,-4.86,0.31,0.0,0.0,0.0,0,5000,-4.20,-3.26
63787,-3.64,-4.78,3.38,0.0,0.0,0.0,0,5000,-4.55,-4.24
63807,-4.51,-4.67,5.89,0.0,0.0,0.0,0,5000,-3.83,-3.00
63827,-4.94,-4.60,5.06,0.0,0.0,0.0,0,5000,-2.57,-3.06
63848,-4.95,-4.61,1.81,0.0,0.0,0.0,0,5004,-1.63,-4.24
63868,-4.62,-4.65,-0.73,0.0,0.0,0.0,0,5000,-1.92,-4.06
63889,-3.44,-4.64,-0.84,0.0,0.0,0.0,0,5004,-2.47,-3.75
63909,-3.31,-4.57,0.73,0.0,0.0,0.0,0,5004,-3.08,-4.87
63930,-3.65,-4.48,1.85,0.0,0.0,0.0,0,5004,-4.61,-6.46
63950,-4.76,-4.46,1.63,0.0,0.0,0.0,0,5000,-5.12,-7.32
63971,-4.99,-4.51,0.84,0.0,0.0,0.0,0,5004,-3.26,-6.62
63991,-5.93,-4.60,0.84,0.0,0.0,0.0,0,5000,-0.61,-5.24
64012,-5.84,-4.75,-1.16,0.0,0.0,0.0,0,5000,-0.63,-4.91
64032,-5.35,-4.87,-1.61,0.0,0.0,0.0,0,5004,-1.18,-4.40
64053,-5.44,-4.98,-1.90,0.0,0.0,0.0,0,5000,-2.22,-4.16
64073,-5.50,-5.11,-2.53,0.0,0.0,0.0,0,5004,-4.28,-4.30
64094,-5.28,-5.21,-2.41,0.0,0.0,0.0,0,5000,-5.24,-4.53
64114,-5.10,-5.27,-1.06,0.0,0.0,0.0,0,5004,-5.30,-4.12
64135,-5.08,-5.28,1.18,0.0,0.0,0.0,0,5004,-5.50,-2.81
64155,-5.62,-5.31,1.92,0.0,0.0,0.0,0,5000,-5.56,-2.28
64176,-5.49,-5.34,0.41,0.0,0.0,0.0,0,5004,-3.67,-3.02
64196,-5.46,-5.41,-2.24,0.0,0.0,0.0,0,5000,-2.00,-3.85
64217,-4.68,-5.47,-3.61,0.0,0.0,0.0,0,5000,-2.57,-4.34
64237,-4.27,-5.49,-2.38,0.0,0.0,0.0,0,5000,-4.50,-4.44
64258,-4.72,-5.46,-0.61,0.0,0.0,0.0,0,5004,-5.63,-5.22
64278,-5.28,-5.52,-2.02,0.0,0.0,0.0,0,5004,-4.32,-7.26
64299,-5.85,-5.58,0.57,0.0,0.0,0.0,0,5004,-4.36,-5.14
64319,-5.87,-5.60,2.28,0.0,0.0,0.0,0,5004,-3.85,-3.42
64339,-6.11,-5.62,1.16,0.0,0.0,0.0,0,5000,-1.45,-4.18
64360,-5.68,-5.68,-0.73,0.0,0.0,0.0,0,5000,-0.47,-5.56
64380,-5.54,-5.73,-0.39,0.0,0.0,0.0,0,5000,-1.69,-5.87
64401,-5.84,-5.74,1.73,0.0,0.0,0.0,0,5000,-3.28,-4.28
64421,-5.93,-5.73,2.73,0.0,0.0,0.0,0,5004,-3.75,-3.02
64443,-6.01,-5.75,0.08,0.0,0.0,0.0,0,5004,-3.32,-4.36
64463,-5.75,-5.82,-2.18,0.0,0.0,0.0,0,5004,-3.00,-6.75
64484,-5.74,-5.89,-1.77,0.0,0.0,0.0,0,5000,-2.47,-7.40
64504,-5.75,-5.92,0.22,0.0,0.0,0.0,0,5000,-1.71,-5.30
64525,-6.10,-5.93,1.71,0.0,0.0,0.0,0,5000,-2.34,-4.22
64545,-6.28,-5.95,1.26,0.0,0.0,0.0,0,5000,-2.77,-4.44
64566,-6.13,-6.00,-0.14,0.0,0.0,0.0,0,5004,-2.34,-4.55
64586,-5.89,-6.04,-0.79,0.0,0.0,0.0,0,5000,-2.20,-5.54
64607,-5.51,-6.05,0.02,0.0,0.0,0.0,0,5000,-3.18,-6.54
64627,-5.96,-6.04,2.49,0.0,0.0,0.0,0,5004,-4.61,-6.07
64648,-6.39,-6.02,4.28,0.0,0.0,0.0,0,5004,-5.83,-4.73
64668,-6.89,-6.04,3.83,0.0,0.0,0.0,0,5004,-5.93,-3.71
64689,-7.33,-6.12,1.00,0.0,0.0,0.0,0,5004,-5.58,-3.79
64709,-6.62,-6.24,-2.71,0.0,0.0,0.0,0,5000,-5.06,-3.89
64730,-5.96,-6.35,-4.12,0.0,0.0,0.0,0,5004,-3.04,-5.03
64750,-5.51,-6.40,-3.22,0.0,0.0,0.0,0,5004,-2.16,-6.05
64771,-5.58,-6.42,-2.12,0.0,0.0,0.0,0,5000,-2.98,-5.44
64791,-5.57,-6.41,-0.31,0.0,0.0,0.0,0,5000,-4.46,-5.71
64812,-6.36,-6.41,0.65,0.0,0.0,0.0,0,5000,-4.18,-6.50
64832,-6.37,-6.41,2.02,0.0,0.0,0.0,0,5004,-1.00,-6.01
64852,-6.41,-6.38,3.49,0.0,0.0,0.0,0,5004,1.57,-5.40
64873,-6.60,-6.37,3.24,0.0,0.0,0.0,0,5004,0.84,-6.77
64893,-6.94,-6.39,2.24,0.0,0.0,0.0,0,5000,-2.06,-7.62
64914,-7.25,-6.46,1.79,0.0,0.0,0.0,0,5004,-3.63,-6.40
64934,-7.21,-6.53,1.55,0.0,0.0,0.0,0,5004,-3.16,-4.48
64955,-6.85,-6.59,1.20,0.0,0.0,0.0,0,5000,-2.22,-3.71
64975,-6.69,-6.63,0.94,0.0,0.0,0.0,0,5004,-2.53,-3.95
64996,-6.62,-6.65,0.65,0.0,0.0,0.0,0,5004,-3.51,-4.12
65016,-6.53,-6.66,0.67,0.0,0.0,0.0,0,5004,-4.34,-4.30
65037,-6.77,-6.68,1.06,0.0,0.0,0.0,0,5000,-4.69,-4.04
65057,-6.85,-6.70,1.49,0.0,0.0,0.0,0,5000,-4.69,-3.22
65078,-6.88,-6.74,1.28,0.0,0.0,0.0,0,5000,-4.30,-2.49
65098,-6.66,-6.75,1.20,0.0,0.0,0.0,0,5000,-4.28,-2.16
65119,-6.19,-6.74,1.02,0.0,0.0,0.0,0,5004,-3.97,-2.81
65140,-6.07,-6.70,1.10,0.0,0.0,0.0,0,5004,-3.38,-4.28
65161,-5.82,-6.64,1.65,0.0,0.0,0.0,0,5000,-3.38,-5.03
65181,-6.17,-6.59,2.67,0.0,0.0,0.0,0,5000,-4.12,-4.81
65202,-6.60,-6.55,3.47,0.0,0.0,0.0,0,5000,-4.81,-4.28
65222,-6.88,-6.54,2.98,0.0,0.0,0.0,0,5004,-4.46,-3.44
65243,-6.68,-6.57,1.04,0.0,0.0,0.0,0,5000,-2.24,-3.67
65263,-6.33,-6.60,-0.37,0.0,0.0,0.0,0,5000,-0.53,-5.18
65284,-6.15,-6.59,0.69,0.0,0.0,0.0,0,5000,-1.55,-5.81
65304,-6.63,-6.57,3.04,0.0,0.0,0.0,0,5000,-3.00,-4.69
65325,-6.71,-6.54,3.97,0.0,0.0,0.0,0,5004,-2.43,-4.02
65345,-6.71,-6.52,3.12,0.0,0.0,0.0,0,5004,-1.39,-4.32
65366,-6.92,-6.54,2.08,0.0,0.0,0.0,0,5004,-2.36,-4.81
65386,-6.62,-6.56,1.37,0.0,0.0,0.0,0,5004,-3.40,-4.87
65406,-6.56,-6.57,1.32,0.0,0.0,0.0,0,5004,-3.06,-4.61
65427,-6.81,-6.58,1.96,0.0,0.0,0.0,0,5004,-2.69,-4.48
65447,-7.13,-6.61,2.53,0.0,0.0,0.0,0,5004,-2.89,-3.24
65468,-7.41,-6.66,2.06,0.0,0.0,0.0,0,5004,-3.57,-1.90
65488,-6.93,-6.72,0.12,0.0,0.0,0.0,0,5004,-2.79,-1.47
65509,-6.08,-6.76,-1.35,0.0,0.0,0.0,0,5004,-2.43,-2.87
65529,-5.26,-6.71,-0.41,0.0,0.0,0.0,0,5004,-3.44,-4.83
65550,-5.55,-6.62,2.10,0.0,0.0,0.0,0,5000,-5.01,-5.06
65570,-6.22,-6.52,4.63,0.0,0.0,0.0,0,5000,-5.77,-4.22
65591,-6.42,-6.45,4.69,0.0,0.0,0.0,0,5000,-4.93,-3.91
65611,-6.67,-6.43,1.77,0.0,0.0,0.0,0,5000,-3.18,-4.67
65632,-6.27,-6.48,-1.18,0.0,0.0,0.0,0,5004,-3.04,-6.09
65652,-6.12,-6.52,-1.37,0.0,0.0,0.0,0,5004,-3.32,-6.26
65673,-6.29,-6.53,0.49,0.0,0.0,0.0,0,5000,-3.14,-5.16
65693,-6.61,-6.55,1.77,0.0,0.0,0.0,0,5000,-1.90,-5.22
65715,-7.01,-6.56,2.57,0.0,0.0,0.0,0,5004,-0.39,-5.30
65735,-7.31,-6.60,2.67,0.0,0.0,0.0,0,5000,-0.47,-4.59
65756,-7.72,-6.66,1.88,0.0,0.0,0.0,0,5000,-1.04,-4.06
65776,-7.58,-6.76,0.12,0.0,0.0,0.0,0,5004,-2.55,-4.10
65797,-7.21,-6.85,-1.04,0.0,0.0,0.0,0,5004,-3.24,-4.26
65817,-6.87,-6.91,-0.16,0.0,0.0,0.0,0,5004,-3.18,-3.93
65838,-7.04,-6.92,2.65,0.0,0.0,0.0,0,5000,-3.65,-3.20
65858,-7.09,-6.88,4.69,0.0,0.0,0.0,0,5004,-3.12,-2.59
65879,-7.30,-6.85,3.83,0.0,0.0,0.0,0,5000,-2.91,-2.63
65899,-7.27,-6.89,1.30,0.0,0.0,0.0,0,5000,-4.08,-2.47
65920,-6.56,-6.93,-0.92,0.0,0.0,0.0,0,5000,-5.26,-2.16
65940,-6.13,-6.95,-1.69,0.0,0.0,0.0,0,5004,-5.75,-1.85
65960,-5.92,-6.94,-0.33,0.0,0.0,0.0,0,5004,-5.73,-1.30
65981,-6.04,-6.88,1.55,0.0,0.0,0.0,0,5004,-5.79,-1.00
66001,-6.37,-6.83,1.69,0.0,0.0,0.0,0,5000,-6.95,-2.02
66022,-6.95,-6.87,-0.71,0.0,0.0,0.0,0,5000,-8.21,-3.26
66042,-6.95,-6.94,-2.22,0.0,0.0,0.0,0,5000,-7.81,-3.89
66063,-6.31,-6.99,-1.35,0.0,0.0,0.0,0,5000,-7.97,-3.10
66083,-6.85,-7.00,-0.71,0.0,0.0,0.0,0,5004,-7.99,-4.38
66104,-6.81,-7.02,0.12,0.0,0.0,0.0,0,5000,-5.89,-4.93
66124,-6.80,-7.04,-0.06,0.0,0.0,0.0,0,5004,-1.63,-5.63
66145,-6.85,-7.03,1.39,0.0,0.0,0.0,0,5000,1.45,-6.36
66165,-7.15,-7.02,2.81,0.0,0.0,0.0,0,5004,1.00,-6.34
66186,-7.28,-7.01,3.49,0.0,0.0,0.0,0,5004,-0.82,-5.61
66206,-7.42,-7.01,2.12,0.0,0.0,0.0,0,5000,-1.73,-5.95
66227,-7.39,-7.06,-0.29,0.0,0.0,0.0,0,5004,-2.24,-6.64
66247,-7.12,-7.13,-1.67,0.0,0.0,0.0,0,5000,-4.85,-9.07
66268,-6.66,-7.14,1.28,0.0,0.0,0.0,0,5000,-5.38,-7.52
66288,-7.18,-7.09,5.42,0.0,0.0,0.0,0,5004,-4.10,-5.73
66310,-8.09,-7.06,5.36,0.0,0.0,0.0,0,5000,-4.26,-6.14
66330,-8.54,-7.13,2.61,0.0,0.0,0.0,0,5004,-3.85,-6.44
66351,-8.52,-7.26,0.59,0.0,0.0,0.0,0,5004,-2.73,-5.16
66371,-7.96,-7.37,0.33,0.0,0.0,0.0,0,5004,-2.02,-2.81
66392,-7.78,-7.46,-0.69,0.0,0.0,0.0,0,5000,-2.55,-1.83
66412,-6.81,-7.51,-0.69,0.0,0.0,0.0,0,5000,-2.12,-3.61
66433,-6.74,-7.48,1.08,0.0,0.0,0.0,0,5000,-1.53,-3.75
66453,-6.73,-7.40,3.73,0.0,0.0,0.0,0,5000,-2.96,-3.18
66473,-7.31,-7.33,4.16,0.0,0.0,0.0,0,5000,-6.32,-3.08
66494,-7.47,-7.31,2.34,0.0,0.0,0.0,0,5000,-8.01,-3.14
66514,-7.39,-7.35,-0.02,0.0,0.0,0.0,0,5004,-6.52,-3.18
66535,-7.07,-7.38,-0.49,0.0,0.0,0.0,0,5000,-3.14,-3.30
66555,-6.79,-7.37,1.16,0.0,0.0,0.0,0,5004,-1.00,-3.65
66576,-6.77,-7.31,3.06,0.0,0.0,0.0,0,5004,-1.12,-4.22
66596,-6.83,-7.23,4.20,0.0,0.0,0.0,0,5000,-1.35,-4.77
66617,-7.10,-7.17,3.97,0.0,0.0,0.0,0,5004,-1.79,-5.06
66637,-7.52,-7.16,2.28,0.0,0.0,0.0,0,5000,-3.38,-5.58
66658,-7.32,-7.19,1.30,0.0,0.0,0.0,0,5004,-4.67,-5.89
66678,-7.28,-7.20,1.55,0.0,0.0,0.0,0,5004,-4.04,-5.10
66699,-7.26,-7.20,2.89,0.0,0.0,0.0,0,5000,-2.12,-3.77
66719,-7.18,-7.18,2.63,0.0,0.0,0.0,0,5000,-0.18,-3.49
66740,-6.87,-7.16,1.32,0.0,0.0,0.0,0,5000,0.37,-4.93
66760,-6.57,-7.14,0.63,0.0,0.0,0.0,0,5000,-0.88,-5.97
66781,-6.62,-7.10,2.24,0.0,0.0,0.0,0,5000,-2.75,-5.69
66801,-7.05,-7.06,3.51,0.0,0.0,0.0,0,5000,-3.57,-4.69
66822,-7.68,-7.06,2.85,0.0,0.0,0.0,0,5000,-4.38,-4.99
66842,-7.97,-7.13,0.67,0.0,0.0,0.0,0,5000,-3.59,-5.34
66863,-7.38,-7.20,0.31,0.0,0.0,0.0,0,5000,-1.55,-4.85
66884,-7.35,-7.22,2.12,0.0,0.0,0.0,0,5004,-0.35,-3.79
66905,-7.43,-7.20,3.97,0.0,0.0,0.0,0,5004,-2.28,-3.08
66925,-7.87,-7.21,3.30,0.0,0.0,0.0,0,5004,-4.61,-2.63
66946,-7.92,-7.28,-0.29,0.0,0.0,0.0,0,5004,-5.50,-2.38
66966,-7.77,-7.43,-5.01,0.0,0.0,0.0,0,5000,-5.87,-3.36
66987,-7.10,-7.60,-7.75,0.0,0.0,0.0,0,5004,-5.73,-3.81
67007,-6.36,-7.73,-7.91,0.0,0.0,0.0,0,5004,-3.81,-4.32
67027,-6.03,-7.75,-3.79,0.0,0.0,0.0,0,5000,-0.43,-3.55
67048,-6.33,-7.67,1.98,0.0,0.0,0.0,0,5004,3.36,-3.00
67068,-6.99,-7.52,6.30,0.0,0.0,0.0,0,5000,5.67,-3.65
67089,-7.75,-7.42,6.46,0.0,0.0,0.0,0,5004,4.93,-5.24
67109,-8.72,-7.43,3.97,0.0,0.0,0.0,0,5004,0.73,-6.42
67130,-9.00,-7.53,1.65,0.0,0.0,0.0,0,5000,-4.10,-5.58
67150,-8.95,-7.67,-0.06,0.0,0.0,0.0,0,5000,-6.14,-4.12
67171,-8.01,-7.77,-0.67,0.0,0.0,0.0,0,5000,-5.08,-3.61
67191,-7.01,-7.77,1.28,0.0,0.0,0.0,0,5000,-2.45,-4.22
67212,-6.97,-7.68,3.97,0.0,0.0,0.0,0,5004,-1.39,-5.26
67232,-7.71,-7.58,5.77,0.0,0.0,0.0,0,5004,-2.75,-5.40
67253,-8.11,-7.53,5.34,0.0,0.0,0.0,0,5000,-5.26,-4.32
67273,-8.35,-7.56,1.81,0.0,0.0,0.0,0,5004,-6.77,-3.57
67294,-7.83,-7.65,-1.71,0.0,0.0,0.0,0,5000,-5.38,-4.14
67314,-7.00,-7.70,-1.79,0.0,0.0,0.0,0,5000,-3.42,-4.83
67335,-6.80,-7.67,0.88,0.0,0.0,0.0,0,5004,-3.04,-4.10
67355,-7.05,-7.60,3.69,0.0,0.0,0.0,0,5000,-3.65,-2.94
67376,-7.60,-7.56,3.83,0.0,0.0,0.0,0,5004,-3.69,-2.61
67396,-7.74,-7.55,2.02,0.0,0.0,0.0,0,5000,-2.41,-3.34
67417,-7.44,-7.57,0.79,0.0,0.0,0.0,0,5000,-1.71,-4.99
67437,-7.93,-7.61,0.84,0.0,0.0,0.0,0,5004,-3.02,-5.50
67458,-8.32,-7.66,1.67,0.0,0.0,0.0,0,5004,-4.18,-4.28
67479,-8.34,-7.70,2.08,0.0,0.0,0.0,0,5000,-3.89,-2.77
67500,-8.08,-7.75,0.73,0.0,0.0,0.0,0,5000,-2.47,-2.91
67520,-7.38,-7.78,-0.65,0.0,0.0,0.0,0,5004,-2.45,-4.40
67540,-7.15,-7.79,-0.20,0.0,0.0,0.0,0,5000,-2.98,-5.14
67561,-7.40,-7.77,1.39,0.0,0.0,0.0,0,5000,-3.10,-4.95
67581,-7.57,-7.75,2.02,0.0,0.0,0.0,0,5000,-2.96,-4.59
67602,-7.46,-7.73,1.98,0.0,0.0,0.0,0,5000,-1.51,-5.01
67622,-7.74,-7.72,1.73,0.0,0.0,0.0,0,5000,-0.90,-5.28
67643,-8.03,-7.73,2.12,0.0,0.0,0.0,0,5004,-2.10,-5.67
67663,-8.14,-7.76,2.26,0.0,0.0,0.0,0,5004,-3.02,-4.67
67684,-8.02,-7.76,3.26,0.0,0.0,0.0,0,5004,-3.18,-2.24
67704,-8.14,-7.78,2.53,0.0,0.0,0.0,0,5000,-3.73,-1.67
67725,-7.87,-7.80,0.92,0.0,0.0,0.0,0,5000,-4.50,-3.22
67745,-7.48,-7.79,1.18,0.0,0.0,0.0,0,5004,-3.93,-3.95
67766,-7.19,-7.73,3.30,0.0,0.0,0.0,0,5000,-3.22,-3.34
67786,-7.86,-7.69,3.49,0.0,0.0,0.0,0,5000,-3.73,-3.22
67807,-7.68,-7.69,1.43,0.0,0.0,0.0,0,5000,-4.48,-3.57
67827,-7.42,-7.70,-0.31,0.0,0.0,0.0,0,5004,-4.10,-3.89
67848,-7.25,-7.72,-0.14,0.0,0.0,0.0,0,5000,-3.57,-3.44
67868,-6.81,-7.68,1.61,0.0,0.0,0.0,0,5004,-3.79,-3.53
67889,-7.30,-7.62,3.40,0.0,0.0,0.0,0,5000,-3.14,-3.95
67909,-7.51,-7.56,4.02,0.0,0.0,0.0,0,5004,-1.08,-4.81
67930,-7.77,-7.53,3.36,0.0,0.0,0.0,0,5000,0.53,-6.01
67950,-7.76,-7.52,2.75,0.0,0.0,0.0,0,5000,-0.75,-5.95
67971,-7.96,-7.52,3.18,0.0,0.0,0.0,0,5004,-3.38,-4.48
67991,-8.12,-7.55,1.96,0.0,0.0,0.0,0,5004,-4.97,-3.85
68013,-7.78,-7.61,0.16,0.0,0.0,0.0,0,5004,-4.00,-4.36
68033,-7.46,-7.64,0.20,0.0,0.0,0.0,0,5004,-1.53,-5.32
68054,-7.14,-7.61,2.61,0.0,0.0,0.0,0,5000,0.04,-5.40
68074,-7.73,-7.54,5.71,0.0,0.0,0.0,0,5004,-1.04,-4.53
68094,-8.53,-7.53,5.24,0.0,0.0,0.0,0,5000,-3.04,-3.51
68115,-8.71,-7.59,2.14,0.0,0.0,0.0,0,5000,-4.18,-2.98
68135,-8.05,-7.68,-0.75,0.0,0.0,0.0,0,5000,-4.16,-2.75
68156,-7.23,-7.74,-1.45,0.0,0.0,0.0,0,5000,-4.28,-3.08
68176,-7.25,-7.75,-0.06,0.0,0.0,0.0,0,5000,-5.26,-3.12
68197,-7.27,-7.73,2.06,0.0,0.0,0.0,0,5000,-5.08,-2.30
68217,-7.21,-7.68,1.85,0.0,0.0,0.0,0,5000,-3.12,-2.20
68238,-6.87,-7.64,0.82,0.0,0.0,0.0,0,5004,-1.37,-3.93
68258,-6.65,-7.57,1.63,0.0,0.0,0.0,0,5004,-2.14,-5.24
68279,-7.32,-7.51,3.49,0.0,0.0,0.0,0,5000,-4.48,-5.18
68299,-8.27,-7.51,3.53,0.0,0.0,0.0,0,5004,-4.89,-3.61
68320,-8.56,-7.57,1.71,0.0,0.0,0.0,0,5000,-2.67,-2.75
68340,-8.37,-7.65,-0.24,0.0,0.0,0.0,0,5004,0.02,-3.08
68361,-8.72,-7.78,-1.90,0.0,0.0,0.0,0,5004,-0.71,-3.73
68381,-9.17,-7.96,-3.14,0.0,0.0,0.0,0,5000,-1.24,-3.18
68402,-8.93,-8.18,-6.01,0.0,0.0,0.0,0,5000,2.89,-0.77
68422,-7.44,-8.32,-5.44,0.0,0.0,0.0,0,5000,9.60,0.43
68443,-5.85,-8.25,-0.82,0.0,0.0,0.0,0,5004,10.44,0.41
68463,-5.80,-8.04,3.65,0.0,0.0,0.0,0,5004,4.44,-3.10
68484,-6.99,-7.83,6.34,0.0,0.0,0.0,0,5004,-4.02,-6.50
68504,-8.63,-7.77,5.28,0.0,0.0,0.0,0,5000,-8.64,-7.66
68525,-9.48,-7.83,2.91,0.0,0.0,0.0,0,5004,-9.03,-6.18
68545,-9.68,-8.00,-1.35,0.0,0.0,0.0,0,5000,-7.97,-4.48
68566,-8.71,-8.18,-3.83,0.0,0.0,0.0,0,5000,-5.75,-4.18
68587,-7.71,-8.27,-2.28,0.0,0.0,0.0,0,5004,-0.71,-3.47
68608,-6.92,-8.22,1.94,0.0,0.0,0.0,0,5000,2.94,-3.47
68628,-6.89,-8.08,5.63,0.0,0.0,0.0,0,5000,3.44,-5.10
68648,-7.50,-7.91,7.01,0.0,0.0,0.0,0,5000,1.35,-6.03
68669,-8.52,-7.84,6.30,0.0,0.0,0.0,0,5004,-3.51,-5.91
68689,-8.82,-7.84,3.93,0.0,0.0,0.0,0,5000,-7.44,-5.56
68710,-9.06,-7.95,0.43,0.0,0.0,0.0,0,5004,-9.27,-5.30
68730,-8.89,-8.08,-1.30,0.0,0.0,0.0,0,5004,-8.76,-4.99
68751,-8.52,-8.18,-0.43,0.0,0.0,0.0,0,5000,-5.12,-3.79
68771,-7.90,-8.20,1.77,0.0,0.0,0.0,0,5004,-1.30,-2.69
68792,-8.15,-8.19,2.61,0.0,0.0,0.0,0,5000,-0.04,-2.28
68812,-7.89,-8.17,1.92,0.0,0.0,0.0,0,5000,-0.71,-2.63
68833,-7.42,-8.13,1.79,0.0,0.0,0.0,0,5004,-1.88,-2.75
68853,-7.37,-8.07,1.69,0.0,0.0,0.0,0,5000,-3.87,-4.14
68874,-7.65,-8.03,1.16,0.0,0.0,0.0,0,5004,-5.61,-5.77
68894,-8.06,-8.02,1.67,0.0,0.0,0.0,0,5000,-5.91,-5.99
68915,-8.25,-8.01,3.26,0.0,0.0,0.0,0,5000,-4.00,-4.61
68935,-8.33,-7.99,3.91,0.0,0.0,0.0,0,5004,-1.61,-2.79
68956,-7.97,-7.98,2.06,0.0,0.0,0.0,0,5004,-0.08,-3.81
68976,-7.64,-7.99,-0.24,0.0,0.0,0.0,0,5000,0.20,-5.87
68997,-7.49,-7.99,0.10,0.0,0.0,0.0,0,5004,-0.29,-6.54
69017,-7.87,-7.97,2.79,0.0,0.0,0.0,0,5000,-1.53,-4.79
69038,-8.43,-7.95,3.95,0.0,0.0,0.0,0,5004,-3.16,-3.44
69058,-8.79,-7.97,2.16,0.0,0.0,0.0,0,5000,-4.18,-4.30
69079,-8.48,-8.05,-0.14,0.0,0.0,0.0,0,5004,-3.75,-5.22
69099,-8.57,-8.14,-0.37,0.0,0.0,0.0,0,5000,-3.12,-4.79
69120,-8.56,-8.20,1.02,0.0,0.0,0.0,0,5000,-3.02,-3.67
69140,-8.28,-8.21,2.14,0.0,0.0,0.0,0,5004,-3.06,-3.10
69161,-8.63,-8.23,1.88,0.0,0.0,0.0,0,5000,-3.71,-3.51
69182,-8.30,-8.26,0.77,0.0,0.0,0.0,0,5004,-3.81,-3.73
69202,-7.99,-8.29,0.10,0.0,0.0,0.0,0,5000,-2.67,-4.02
69223,-7.43,-8.26,1.04,0.0,0.0,0.0,0,5004,-1.94,-4.30
69243,-7.36,-8.20,1.96,0.0,0.0,0.0,0,5004,-1.63,-4.38
69264,-7.63,-8.12,3.10,0.0,0.0,0.0,0,5000,-2.38,-5.12
69284,-7.78,-8.06,3.42,0.0,0.0,0.0,0,5000,-3.04,-5.28
69305,-8.20,-8.03,2.85,0.0,0.0,0.0,0,5000,-2.85,-5.67
69325,-8.32,-8.03,1.63,0.0,0.0,0.0,0,5000,-2.00,-6.52
69346,-8.29,-8.06,1.57,0.0,0.0,0.0,0,5000,-1.90,-6.42
69366,-8.65,-8.09,2.34,0.0,0.0,0.0,0,5000,-1.96,-5.08
69387,-8.75,-8.12,2.85,0.0,0.0,0.0,0,5004,-1.35,-3.77
69407,-8.33,-8.14,2.69,0.0,0.0,0.0,0,5000,-0.49,-4.30
69428,-8.20,-8.12,3.10,0.0,0.0,0.0,0,5004,-0.82,-5.14
69448,-8.45,-8.09,4.22,0.0,0.0,0.0,0,5000,-3.30,-4.57
69469,-8.73,-8.08,4.00,0.0,0.0,0.0,0,5000,-6.48,-3.51
69489,-8.99,-8.14,1.53,0.0,0.0,0.0,0,5004,-8.70,-2.79
69510,-8.30,-8.21,-1.20,0.0,0.0,0.0,0,5000,-7.46,-2.77
69530,-7.67,-8.25,-0.65,0.0,0.0,0.0,0,5004,-5.22,-2.98
69551,-7.19,-8.19,2.06,0.0,0.0,0.0,0,5000,-4.16,-2.85
69571,-7.50,-8.10,3.65,0.0,0.0,0.0,0,5004,-3.14,-2.75
69592,-7.75,-8.04,2.47,0.0,0.0,0.0,0,5004,-1.98,-3.06
69612,-7.54,-8.03,0.75,0.0,0.0,0.0,0,5000,-1.12,-3.61
69633,-7.05,-7.98,0.39,0.0,0.0,0.0,0,5004,-1.71,-3.61
69653,-6.96,-7.92,0.51,0.0,0.0,0.0,0,5000,-4.02,-4.57
69673,-7.27,-7.88,0.65,0.0,0.0,0.0,0,5004,-5.32,-5.89
69694,-7.44,-7.84,1.90,0.0,0.0,0.0,0,5004,-4.67,-6.38
69714,-8.01,-7.81,3.51,0.0,0.0,0.0,0,5000,-1.96,-6.30
69735,-8.46,-7.80,3.89,0.0,0.0,0.0,0,5000,0.02,-6.11
69756,-8.99,-7.84,2.65,0.0,0.0,0.0,0,5004,-0.08,-6.24
69777,-8.90,-7.93,1.37,0.0,0.0,0.0,0,5004,-0.41,-5.81
69797,-8.49,-7.99,1.08,0.0,0.0,0.0,0,5004,-0.41,-4.59
69818,-8.25,-8.02,1.67,0.0,0.0,0.0,0,5000,-1.43,-4.30
69838,-8.51,-8.03,2.67,0.0,0.0,0.0,0,5004,-3.55,-4.95
69859,-8.81,-8.05,3.53,0.0,0.0,0.0,0,5004,-5.26,-4.50
69879,-9.32,-8.10,3.95,0.0,0.0,0.0,0,5000,-4.83,-2.91
69900,-8.94,-8.16,2.91,0.0,0.0,0.0,0,5004,-3.30,-1.59
69920,-8.37,-8.20,0.65,0.0,0.0,0.0,0,5000,-3.47,-2.47
69941,-8.14,-8.26,-1.35,0.0,0.0,0.0,0,5004,-5.32,-3.38
69961,-7.77,-8.30,-0.82,0.0,0.0,0.0,0,5000,-7.66,-2.71
69982,-7.33,-8.27,1.75,0.0,0.0,0.0,0,5000,-6.48,-0.71
70002,-6.91,-8.16,2.79,0.0,0.0,0.0,0,5000,-2.61,-1.20
70023,-6.67,-8.04,2.51,0.0,0.0,0.0,0,5000,0.16,-4.53
70043,-6.78,-7.91,3.38,0.0,0.0,0.0,0,5000,-0.94,-5.87
70064,-7.42,-7.80,4.97,0.0,0.0,0.0,0,5004,-4.00,-5.03
70084,-8.27,-7.76,3.65,0.0,0.0,0.0,0,5004,-5.73,-4.69
70105,-8.28,-7.81,-0.22,0.0,0.0,0.0,0,5000,-5.42,-5.81
70125,-7.83,-7.88,-1.35,0.0,0.0,0.0,0,5000,-3.87,-6.14
70146,-7.33,-7.87,2.08,0.0,0.0,0.0,0,5000,-1.71,-5.06
70166,-7.39,-7.77,6.11,0.0,0.0,0.0,0,5004,0.53,-4.91
70187,-7.94,-7.66,6.60,0.0,0.0,0.0,0,5000,1.24,-6.79
70207,-8.49,-7.62,5.16,0.0,0.0,0.0,0,5000,-0.71,-7.56
70227,-8.61,-7.63,4.22,0.0,0.0,0.0,0,5004,-4.00,-6.38
70248,-9.01,-7.71,1.94,0.0,0.0,0.0,0,5000,-6.67,-4.02
70268,-8.67,-7.84,-1.10,0.0,0.0,0.0,0,5004,-6.38,-4.14
70289,-7.80,-7.95,-3.36,0.0,0.0,0.0,0,5000,-5.34,-5.32
70310,-7.14,-8.01,-2.36,0.0,0.0,0.0,0,5004,-4.87,-4.93
70331,-7.23,-7.97,2.06,0.0,0.0,0.0,0,5000,-2.94,-3.89
70351,-7.35,-7.87,4.55,0.0,0.0,0.0,0,5000,-1.79,-4.00
70372,-8.36,-7.85,2.83,0.0,0.0,0.0,0,5000,-1.71,-5.56
70392,-8.43,-7.90,0.88,0.0,0.0,0.0,0,5000,-3.16,-5.97
70413,-8.52,-7.97,0.39,0.0,0.0,0.0,0,5000,-2.98,-4.00
70433,-8.21,-8.03,0.00,0.0,0.0,0.0,0,5004,-2.51,-3.22
70454,-7.91,-8.07,-0.51,0.0,0.0,0.0,0,5004,-1.75,-4.06
70474,-7.48,-8.06,-0.04,0.0,0.0,0.0,0,5000,-1.67,-4.79
70495,-7.52,-8.05,1.55,0.0,0.0,0.0,0,5004,-2.16,-5.01
70515,-7.63,-8.00,3.28,0.0,0.0,0.0,0,5004,-2.41,-5.18
70536,-8.21,-7.97,3.02,0.0,0.0,0.0,0,5004,-2.41,-4.97
70556,-8.67,-8.01,1.69,0.0,0.0,0.0,0,5000,-3.75,-4.36
70577,-8.11,-8.05,0.14,0.0,0.0,0.0,0,5004,-5.48,-4.81
70597,-8.18,-8.10,-0.29,0.0,0.0,0.0,0,5000,-4.71,-4.40
70618,-7.82,-8.13,0.04,0.0,0.0,0.0,0,5004,-2.47,-4.46
70638,-7.69,-8.12,0.98,0.0,0.0,0.0,0,5004,-1.98,-5.10
70659,-7.50,-8.07,2.47,0.0,0.0,0.0,0,5000,-2.02,-5.28
70679,-7.85,-8.03,3.22,0.0,0.0,0.0,0,5000,-2.71,-4.99
70700,-8.16,-8.02,2.12,0.0,0.0,0.0,0,5000,-3.30,-5.28
70720,-8.13,-8.04,0.65,0.0,0.0,0.0,0,5004,-2.75,-5.46
70740,-8.09,-8.06,0.82,0.0,0.0,0.0,0,5000,-3.04,-5.65
70761,-8.15,-8.06,2.45,0.0,0.0,0.0,0,5004,-4.00,-4.75
70781,-8.20,-8.05,3.02,0.0,0.0,0.0,0,5004,-3.12,-4.08
70802,-8.56,-8.06,2.14,0.0,0.0,0.0,0,5000,-1.75,-4.69
70822,-8.20,-8.10,0.69,0.0,0.0,0.0,0,5004,-1.06,-4.95
70843,-8.17,-8.14,0.41,0.0,0.0,0.0,0,5000,-1.73,-4.63
70863,-8.24,-8.17,0.45,0.0,0.0,0.0,0,5000,-3.36,-3.91
70884,-8.21,-8.19,0.79,0.0,0.0,0.0,0,5000,-4.50,-3.63
70904,-8.02,-8.19,1.26,0.0,0.0,0.0,0,5000,-4.00,-3.83
70926,-8.02,-8.19,1.67,0.0,0.0,0.0,0,5000,-2.87,-3.91
70946,-7.93,-8.17,1.98,0.0,0.0,0.0,0,5004,-1.90,-4.38
70967,-8.12,-8.15,2.22,0.0,0.0,0.0,0,5000,-1.73,-5.24
70987,-8.54,-8.15,2.77,0.0,0.0,0.0,0,5004,-2.49,-5.36
71008,-8.66,-8.18,2.57,0.0,0.0,0.0,0,5004,-2.51,-3.85
71028,-8.48,-8.23,0.77,0.0,0.0,0.0,0,5000,-2.49,-3.36
71049,-7.95,-8.28,-0.92,0.0,0.0,0.0,0,5000,-2.75,-4.00
71069,-7.41,-8.28,-0.55,0.0,0.0,0.0,0,5004,-3.63,-5.03
71090,-7.33,-8.21,2.94,0.0,0.0,0.0,0,5004,-4.18,-5.26
71110,-8.11,-8.12,5.12,0.0,0.0,0.0,0,5000,-3.75,-4.71
71131,-8.93,-8.11,4.22,0.0,0.0,0.0,0,5000,-2.71,-4.46
71151,-8.91,-8.16,1.51,0.0,0.0,0.0,0,5004,-2.28,-4.61
71172,-8.83,-8.24,-0.41,0.0,0.0,0.0,0,5000,-2.34,-3.97
71192,-8.21,-8.31,-0.94,0.0,0.0,0.0,0,5004,-3.53,-3.81
71213,-7.40,-8.30,-0.10,0.0,0.0,0.0,0,5000,-3.63,-4.67
71233,-7.63,-8.25,2.94,0.0,0.0,0.0,0,5000,-3.32,-4.61
71254,-7.85,-8.17,4.85,0.0,0.0,0.0,0,5004,-3.32,-4.38
71274,-8.59,-8.13,4.28,0.0,0.0,0.0,0,5004,-3.08,-4.50
71294,-8.72,-8.15,1.83,0.0,0.0,0.0,0,5004,-3.44,-4.79
71315,-8.80,-8.23,-0.41,0.0,0.0,0.0,0,5004,-4.69,-4.69
71335,-8.41,-8.31,-1.18,0.0,0.0,0.0,0,5004,-5.85,-4.63
71356,-7.75,-8.33,0.26,0.0,0.0,0.0,0,5004,-5.26,-3.69
71377,-7.93,-8.28,3.16,0.0,0.0,0.0,0,5004,-3.44,-3.20
71398,-8.16,-8.22,4.53,0.0,0.0,0.0,0,5000,-3.02,-3.77
71418,-8.70,-8.20,3.44,0.0,0.0,0.0,0,5000,-2.75,-4.24
71439,-8.89,-8.23,1.79,0.0,0.0,0.0,0,5000,-2.18,-3.81
71459,-8.25,-8.28,0.06,0.0,0.0,0.0,0,5004,-2.41,-3.26
71480,-8.03,-8.32,-1.35,0.0,0.0,0.0,0,5000,-3.63,-3.12
71500,-7.53,-8.33,-1.45,0.0,0.0,0.0,0,5000,-5.32,-4.10
71521,-7.49,-8.31,0.59,0.0,0.0,0.0,0,5000,-4.36,-4.50
71541,-8.01,-8.26,2.91,0.0,0.0,0.0,0,5004,-2.30,-4.83
71562,-8.58,-8.23,3.89,0.0,0.0,0.0,0,5004,-0.47,-5.58
71582,-8.97,-8.23,3.36,0.0,0.0,0.0,0,5004,-0.12,-5.36
71603,-9.47,-8.31,1.22,0.0,0.0,0.0,0,5000,-1.35,-3.93
71623,-8.99,-8.42,-1.61,0.0,0.0,0.0,0,5000,-2.75,-3.18
71644,-8.22,-8.53,-3.30,0.0,0.0,0.0,0,5004,-3.40,-3.36
71664,-7.69,-8.56,-1.12,0.0,0.0,0.0,0,5000,-2.81,-4.16
71685,-7.72,-8.48,2.91,0.0,0.0,0.0,0,5000,-1.18,-4.14
71705,-8.20,-8.39,4.99,0.0,0.0,0.0,0,5000,-0.57,-4.93
71726,-8.91,-8.36,4.59,0.0,0.0,0.0,0,5000,-0.41,-5.40
71746,-9.11,-8.39,2.51,0.0,0.0,0.0,0,5000,-1.94,-4.53
71767,-9.05,-8.46,-0.06,0.0,0.0,0.0,0,5000,-4.79,-3.26
71787,-8.67,-8.55,-1.65,0.0,0.0,0.0,0,5000,-6.38,-3.53
71808,-7.92,-8.59,-0.90,0.0,0.0,0.0,0,5004,-4.28,-3.49
71828,-7.82,-8.55,1.71,0.0,0.0,0.0,0,5004,-1.41,-3.24
71848,-7.92,-8.46,3.69,0.0,0.0,0.0,0,5000,-0.73,-3.61
71869,-7.98,-8.37,4.14,0.0,0.0,0.0,0,5004,-1.65,-5.22
71890,-8.76,-8.32,3.97,0.0,0.0,0.0,0,5004,-3.14,-6.16
71911,-9.39,-8.35,3.38,0.0,0.0,0.0,0,5000,-5.08,-5.10
71931,-9.52,-8.43,1.57,0.0,0.0,0.0,0,5004,-5.36,-3.30
71952,-9.07,-8.52,-0.41,0.0,0.0,0.0,0,5000,-3.67,-3.04
71972,-8.07,-8.57,-0.75,0.0,0.0,0.0,0,5004,-1.51,-3.32
71993,-7.20,-8.52,1.22,0.0,0.0,0.0,0,5004,-0.90,-3.95
72013,-7.28,-8.40,4.44,0.0,0.0,0.0,0,5000,-2.06,-4.73
72034,-8.15,-8.27,5.75,0.0,0.0,0.0,0,5000,-3.06,-5.14
72054,-8.79,-8.24,3.77,0.0,0.0,0.0,0,5004,-3.61,-6.34
72075,-8.82,-8.28,1.71,0.0,0.0,0.0,0,5000,-2.71,-6.09
72095,-8.78,-8.32,1.16,0.0,0.0,0.0,0,5000,-1.83,-4.57
72116,-8.44,-8.34,1.55,0.0,0.0,0.0,0,5000,-2.24,-3.93
72136,-8.24,-8.35,1.81,0.0,0.0,0.0,0,5000,-1.57,-4.55
72157,-7.84,-8.31,2.69,0.0,0.0,0.0,0,5004,-0.84,-4.77
72177,-8.06,-8.25,3.67,0.0,0.0,0.0,0,5000,-1.75,-5.10
72198,-8.22,-8.21,3.12,0.0,0.0,0.0,0,5000,-4.00,-5.22
72218,-8.68,-8.23,2.36,0.0,0.0,0.0,0,5000,-5.52,-4.97
72239,-8.95,-8.28,2.02,0.0,0.0,0.0,0,5000,-5.65,-3.49
72259,-8.91,-8.35,0.98,0.0,0.0,0.0,0,5000,-3.97,-2.71
72280,-8.60,-8.41,-0.47,0.0,0.0,0.0,0,5004,-1.98,-3.12
72300,-7.85,-8.43,-0.06,0.0,0.0,0.0,0,5000,-1.61,-3.63
72321,-7.98,-8.41,1.45,0.0,0.0,0.0,0,5000,-2.79,-3.49
72341,-8.25,-8.38,2.63,0.0,0.0,0.0,0,5004,-3.93,-3.44
72361,-8.06,-8.34,3.16,0.0,0.0,0.0,0,5000,-3.20,-3.44
72382,-8.24,-8.30,2.85,0.0,0.0,0.0,0,5004,-3.51,-3.71
72403,-8.37,-8.29,1.92,0.0,0.0,0.0,0,5004,-5.24,-4.32
72424,-8.50,-8.31,1.02,0.0,0.0,0.0,0,5000,-5.08,-4.24
72444,-8.21,-8.32,0.67,0.0,0.0,0.0,0,5000,-2.85,-3.67
72465,-7.97,-8.33,1.12,0.0,0.0,0.0,0,5000,-1.35,-3.71
72485,-7.75,-8.30,1.92,0.0,0.0,0.0,0,5004,-1.32,-4.18
72506,-7.80,-8.24,2.85,0.0,0.0,0.0,0,5000,-1.75,-4.61
72526,-8.46,-8.21,3.40,0.0,0.0,0.0,0,5000,-3.14,-4.83
72547,-8.84,-8.22,2.89,0.0,0.0,0.0,0,5000,-4.34,-4.59
72567,-8.70,-8.24,2.02,0.0,0.0,0.0,0,5004,-3.51,-4.22
72588,-8.44,-8.28,1.35,0.0,0.0,0.0,0,5004,-2.00,-4.20
72608,-8.27,-8.29,1.77,0.0,0.0,0.0,0,5004,-1.06,-4.22
72629,-8.12,-8.25,3.16,0.0,0.0,0.0,0,5000,-0.67,-4.06
72649,-8.18,-8.21,4.40,0.0,0.0,0.0,0,5004,-1.71,-3.65
72670,-8.72,-8.18,3.93,0.0,0.0,0.0,0,5004,-3.42,-3.53
72690,-8.69,-8.20,2.22,0.0,0.0,0.0,0,5000,-4.53,-3.71
72711,-8.38,-8.22,1.10,0.0,0.0,0.0,0,5004,-4.10,-3.47
72731,-7.87,-8.23,1.12,0.0,0.0,0.0,0,5004,-3.95,-3.77
72752,-8.12,-8.22,2.12,0.0,0.0,0.0,0,5004,-4.36,-3.53
72772,-8.22,-8.19,2.49,0.0,0.0,0.0,0,5004,-4.65,-3.18
72793,-8.79,-8.22,1.85,0.0,0.0,0.0,0,5000,-4.32,-3.28
72813,-9.05,-8.28,1.47,0.0,0.0,0.0,0,5000,-2.14,-2.61
72834,-8.39,-8.32,2.18,0.0,0.0,0.0,0,5004,0.43,-1.61
72854,-7.58,-8.29,2.65,0.0,0.0,0.0,0,5004,0.69,-1.90
72875,-7.60,-8.23,2.34,0.0,0.0,0.0,0,5000,-2.55,-3.75
72895,-7.48,-8.16,2.81,0.0,0.0,0.0,0,5004,-5.46,-4.42
72916,-8.14,-8.11,3.53,0.0,0.0,0.0,0,5004,-7.03,-3.61
72937,-8.97,-8.14,2.12,0.0,0.0,0.0,0,5004,-6.69,-4.30
72957,-8.86,-8.23,0.22,0.0,0.0,0.0,0,5000,-3.53,-4.65
72978,-7.95,-8.27,1.08,0.0,0.0,0.0,0,5004,0.16,-3.00
72998,-7.31,-8.20,2.67,0.0,0.0,0.0,0,5004,2.26,-3.16
73019,-7.84,-8.09,5.16,0.0,0.0,0.0,0,5004,-0.35,-4.42
73039,-7.90,-7.99,5.85,0.0,0.0,0.0,0,5004,-3.28,-5.20
73060,-8.22,-7.93,4.00,0.0,0.0,0.0,0,5000,-5.63,-4.91
73080,-8.59,-7.97,0.96,0.0,0.0,0.0,0,5008,-9.60,-5.30
73101,-8.38,-8.05,-0.57,0.0,0.0,0.0,0,5000,-13.64,-4.38
73121,-7.85,-8.09,0.20,0.0,0.0,0.0,0,5000,-10.84,-3.51
73142,-7.43,-8.07,2.61,0.0,0.0,0.0,0,5000,-5.34,-3.44
73162,-7.48,-7.96,5.30,0.0,0.0,0.0,0,5000,-1.41,-3.16
73183,-7.42,-7.83,7.01,0.0,0.0,0.0,0,5000,-0.04,-3.91
73203,-7.98,-7.72,6.97,0.0,0.0,0.0,0,5000,-0.59,-3.73
73224,-8.28,-7.67,5.08,0.0,0.0,0.0,0,5000,-1.69,-3.16
73244,-8.09,-7.70,2.04,0.0,0.0,0.0,0,5000,-3.28,-3.02
73265,-7.62,-7.72,1.02,0.0,0.0,0.0,0,5000,-5.32,-3.02
73285,-7.07,-7.69,2.89,0.0,0.0,0.0,0,5000,-6.42,-2.96
73306,-7.51,-7.62,5.06,0.0,0.0,0.0,0,5004,-6.60,-3.16
73326,-7.91,-7.54,6.20,0.0,0.0,0.0,0,5000,-5.75,-3.34
73347,-7.98,-7.49,5.42,0.0,0.0,0.0,0,5004,-5.18,-2.87
73367,-8.08,-7.48,3.93,0.0,0.0,0.0,0,5004,-4.48,-2.89
73388,-8.30,-7.53,1.22,0.0,0.0,0.0,0,5000,-4.93,-2.71
73408,-7.89,-7.61,-0.41,0.0,0.0,0.0,0,5004,-6.48,-2.45
73430,-6.99,-7.63,0.98,0.0,0.0,0.0,0,5000,-4.36,-2.02
73450,-6.08,-7.51,3.75,0.0,0.0,0.0,0,5000,-0.47,-1.45
73470,-6.55,-7.36,5.40,0.0,0.0,0.0,0,5000,-0.71,-2.94
73491,-7.13,-7.24,6.38,0.0,0.0,0.0,0,5000,-2.85,-4.65
73511,-7.42,-7.15,6.85,0.0,0.0,0.0,0,5000,-2.81,-3.67
73532,-7.52,-7.08,6.14,0.0,0.0,0.0,0,5004,-1.18,-2.73
73552,-7.40,-7.04,5.20,0.0,0.0,0.0,0,5000,-1.63,-3.89
73573,-7.36,-7.00,5.24,0.0,0.0,0.0,0,5004,-3.59,-3.83
73593,-8.19,-6.99,6.71,0.0,0.0,0.0,0,5000,-6.36,-1.98
73614,-8.18,-6.98,7.07,0.0,0.0,0.0,0,5004,-7.32,0.22
73634,-8.30,-6.99,6.52,0.0,0.0,0.0,0,5004,-6.28,2.20
73655,-8.26,-7.02,5.97,0.0,0.0,0.0,0,5000,-5.73,4.06
73675,-7.95,-7.02,6.24,0.0,0.0,0.0,0,5000,-5.34,4.26
73696,-7.47,-6.96,9.05,0.0,0.0,0.0,0,5000,-3.61,6.07
73716,-8.72,-6.88,11.76,0.0,0.0,0.0,0,5000,-0.84,13.90
73737,-9.50,-6.92,9.07,0.0,0.0,0.0,0,5000,-5.48,18.47
73757,-9.16,-7.07,2.30,0.0,0.0,0.0,0,5000,-14.98,18.06
73778,-7.35,-7.24,-1.85,0.0,0.0,0.0,0,5000,-23.30,18.85
73798,-5.52,-7.22,0.53,0.0,0.0,0.0,0,5000,-24.83,23.64
73820,-5.08,-7.05,6.36,0.0,0.0,0.0,0,5000,-24.40,24.22
73840,-5.27,-6.74,13.53,0.0,0.0,0.0,0,5000,-20.73,22.89
73861,-7.65,-6.39,23.71,0.0,0.0,0.0,0,5000,-12.78,24.68
73881,-11.70,-6.25,25.05,0.0,0.0,0.0,0,5000,-11.52,28.13
73902,-13.42,-6.48,13.98,0.0,0.0,0.0,0,5004,-20.53,24.26
73922,-12.14,-6.93,1.79,0.0,0.0,0.0,0,5000,-23.52,25.13
73944,-10.06,-7.27,5.01,0.0,0.0,0.0,0,5004,-14.21,33.96
73964,-11.56,-7.29,25.85,0.0,0.0,0.0,0,5004,3.24,46.49
73985,-9.64,-6.92,38.38,0.0,0.0,0.0,0,5004,30.35,43.36
74005,-6.53,-6.34,35.87,0.0,0.0,0.0,0,5004,47.84,18.53
74025,-4.98,-5.82,23.85,0.0,0.0,0.0,0,5000,37.48,-8.36
74046,-3.22,-5.31,27.44,0.0,0.0,0.0,0,5000,6.03,-9.36
74067,-1.54,-4.45,40.44,0.0,0.0,0.0,0,5000,-20.10,6.26
74088,-4.81,-3.73,34.37,0.0,0.0,0.0,0,5004,-32.33,4.77
74108,-4.52,-3.59,5.69,0.0,0.0,0.0,0,5000,-27.40,-0.84
74129,-1.57,-3.89,-22.93,0.0,0.0,0.0,0,5000,-15.88,0.51
74149,1.76,-4.29,-36.55,0.0,0.0,0.0,0,5000,-8.15,-0.69
74170,4.45,-4.31,-18.43,0.0,0.0,0.0,0,5000,-0.45,8.95
74190,5.39,-3.62,11.82,0.0,0.0,0.0,0,5004,0.26,25.64
74211,3.90,-2.61,25.01,0.0,0.0,0.0,0,5000,-2.94,18.10
74231,1.96,-1.78,22.67,0.0,0.0,0.0,0,5004,-4.28,9.76
74252,-1.50,-1.24,24.36,0.0,0.0,0.0,0,5004,-3.38,14.33
74272,-5.04,-0.95,26.89,0.0,0.0,0.0,0,5000,-1.92,16.04
74294,-6.07,-0.92,20.51,0.0,0.0,0.0,0,5000,0.04,13.88
74314,-4.93,-1.02,12.74,0.0,0.0,0.0,0,5004,-2.20,9.38
74335,-3.90,-1.06,13.02,0.0,0.0,0.0,0,5004,-14.84,11.37
74355,-2.30,-0.96,18.92,0.0,0.0,0.0,0,5000,-16.35,17.35
74376,1.25,-0.70,6.28,0.0,0.0,0.0,0,5000,-2.06,28.23
74396,3.17,-0.65,-15.92,0.0,0.0,0.0,0,5000,-2.41,28.94
74417,4.34,-0.88,-30.27,0.0,0.0,0.0,0,5004,-23.44,26.44
74437,6.16,-1.01,-26.66,0.0,0.0,0.0,0,5000,-46.25,32.57
74459,7.13,-0.77,-10.80,0.0,0.0,0.0,0,5000,-55.46,43.27
74479,4.13,-0.23,10.68,0.0,0.0,0.0,0,5004,-51.45,52.89
74500,2.57,0.34,18.63,0.0,0.0,0.0,0,5000,-46.29,50.18
74520,2.79,0.83,14.23,0.0,0.0,0.0,0,5004,-34.00,46.72
74541,2.56,1.23,12.62,0.0,0.0,0.0,0,5000,-15.21,52.06
74561,0.54,1.46,10.88,0.0,0.0,0.0,0,5000,-0.82,59.62
74582,-0.54,1.63,17.47,0.0,0.0,0.0,0,5004,3.91,64.66
74603,0.40,1.92,21.26,0.0,0.0,0.0,0,5000,-0.29,67.98
74624,0.34,2.13,15.14,0.0,0.0,0.0,0,5004,-10.54,57.93
74644,0.06,2.30,20.65,0.0,0.0,0.0,0,5004,-12.96,61.62
74664,0.51,2.60,26.25,0.0,0.0,0.0,0,5004,-11.01,71.79
74685,-0.29,2.87,22.32,0.0,0.0,0.0,0,5004,-8.56,72.10
74705,-1.83,2.86,14.98,0.0,0.0,0.0,0,5004,-8.89,65.27
74726,-2.54,2.74,17.79,0.0,0.0,0.0,0,5004,-7.42,72.95
74747,-2.88,2.55,8.70,0.0,0.0,0.0,0,5004,-15.29,70.04
74768,-3.21,2.01,-8.87,0.0,0.0,0.0,0,5004,-35.83,46.23
74788,-3.80,1.31,-9.15,0.0,0.0,0.0,0,5000,-39.73,43.07
74809,-3.20,0.84,-0.24,0.0,0.0,0.0,0,5000,-22.38,46.03
74829,-1.03,0.53,-4.44,0.0,0.0,0.0,0,5004,-0.63,30.09
74850,-1.02,0.16,-10.35,0.0,0.0,0.0,0,5004,9.62,13.98
74870,-0.33,-0.17,-8.85,0.0,0.0,0.0,0,5000,9.15,5.58
74891,-0.55,-0.38,-5.75,0.0,0.0,0.0,0,5004,4.93,0.55
74911,-2.72,-0.67,-4.89,0.0,0.0,0.0,0,5004,3.85,3.77
74932,-3.38,-1.05,-4.34,0.0,0.0,0.0,0,5004,12.17,6.20
74952,-0.96,-1.24,-0.67,0.0,0.0,0.0,0,5000,24.91,5.32
74973,1.11,-1.08,10.33,0.0,0.0,0.0,0,5004,24.17,-1.16
74994,-1.51,-0.76,22.48,0.0,0.0,0.0,0,5004,8.83,-2.91
75015,-5.14,-0.66,20.85,0.0,0.0,0.0,0,5000,-12.43,-8.62
75035,-8.74,-0.99,13.23,0.0,0.0,0.0,0,5004,-17.43,-2.63
75056,-10.56,-1.75,-4.89,0.0,0.0,0.0,0,5004,-3.02,4.08
75076,-8.16,-2.88,-31.19,0.0,0.0,0.0,0,5000,14.66,-7.28
75097,-5.30,-3.98,-35.79,0.0,0.0,0.0,0,5004,21.08,-9.66
75117,-2.44,-4.49,-12.33,0.0,0.0,0.0,0,5000,16.33,0.57
75138,-4.52,-4.55,4.63,0.0,0.0,0.0,0,5004,0.00,9.54
75158,-8.68,-4.82,0.84,0.0,0.0,0.0,0,5004,-11.58,6.42
75179,-10.98,-5.63,-20.59,0.0,0.0,0.0,0,5004,-9.97,-6.14
75200,-8.77,-6.64,-24.17,0.0,0.0,0.0,0,5000,-3.47,0.84
75220,-4.45,-7.08,-14.90,0.0,0.0,0.0,0,5000,-1.47,5.06
75241,-3.79,-7.21,-8.48,0.0,0.0,0.0,0,5000,-5.34,-1.18
75261,-5.90,-7.38,-9.27,0.0,0.0,0.0,0,5004,-14.19,-7.66
75282,-5.77,-7.61,-9.36,0.0,0.0,0.0,0,5000,-12.11,-9.48
75302,-4.08,-7.63,-3.38,0.0,0.0,0.0,0,5004,-0.18,-5.20
75323,-4.47,-7.46,3.30,0.0,0.0,0.0,0,5004,9.03,-1.75
75343,3.84,-6.91,36.71,0.0,0.0,0.0,0,5000,-4.10,-2.34
75364,-6.22,-6.01,35.30,0.0,0.0,0.0,0,5004,8.83,4.75
75384,-4.21,-5.32,28.07,0.0,0.0,0.0,0,5004,19.71,-5.91
75405,-6.96,-5.20,15.02,0.0,0.0,0.0,0,5000,21.93,-7.03
75425,-5.02,-5.13,4.26,0.0,0.0,0.0,0,5000,8.05,-2.98
75446,-3.54,-5.11,2.63,0.0,0.0,0.0,0,5000,4.53,-4.16
75466,-2.59,-5.03,2.89,0.0,0.0,0.0,0,5004,-0.84,-8.54
75487,-3.44,-4.76,15.37,0.0,0.0,0.0,0,5004,-4.02,-11.41
75508,-8.41,-4.68,17.12,0.0,0.0,0.0,0,5000,-6.26,-11.94
75529,-6.46,-4.86,2.75,0.0,0.0,0.0,0,5004,-2.51,-6.18
75549,-5.54,-5.08,-4.32,0.0,0.0,0.0,0,5004,-2.00,-15.51
75570,-6.12,-5.36,-3.75,0.0,0.0,0.0,0,5000,-2.38,-5.10
75590,-5.07,-5.50,0.77,0.0,0.0,0.0,0,5000,-5.61,1.43
75611,-4.88,-5.51,0.16,0.0,0.0,0.0,0,5000,-6.64,-10.76
75631,-10.93,-5.96,-12.56,0.0,0.0,0.0,0,5000,-8.66,-17.43
75652,-11.68,-7.00,-23.58,0.0,0.0,0.0,0,5000,-11.82,-4.63
75672,9.35,-5.96,8.81,0.0,0.0,0.0,0,5004,-0.92,6.34
75693,-7.43,-5.62,3.32,0.0,0.0,0.0,0,5004,19.18,-11.56
75713,-4.33,-5.80,-6.89,0.0,0.0,0.0,0,5004,11.88,-6.20
75734,-3.99,-5.95,-10.44,0.0,0.0,0.0,0,5004,19.32,-5.89
75755,-5.18,-6.25,-15.67,0.0,0.0,0.0,0,5004,8.91,-7.38
75776,-1.35,-6.34,-14.53,0.0,0.0,0.0,0,5004,-4.75,-6.52
75796,-7.88,-6.41,-1.88,0.0,0.0,0.0,0,5000,-5.44,-9.38
75816,-10.53,-6.64,10.74,0.0,0.0,0.0,0,5000,1.28,1.10
75837,-8.67,-6.77,11.43,0.0,0.0,0.0,0,5004,1.53,-1.98
75857,-2.92,-6.60,12.07,0.0,0.0,0.0,0,5004,8.62,-1.92
75878,-4.27,-6.30,8.54,0.0,0.0,0.0,0,5000,19.71,-2.20
75898,-4.51,-6.17,7.64,0.0,0.0,0.0,0,5004,9.13,0.24
75919,-4.99,-5.92,7.40,0.0,0.0,0.0,0,5000,3.97,-2.28
75939,-5.58,-5.81,8.68,0.0,0.0,0.0,0,5000,7.20,-5.36
75960,-6.21,-5.82,2.85,0.0,0.0,0.0,0,5000,5.54,-5.44
75980,-3.70,-5.78,-3.02,0.0,0.0,0.0,0,5000,7.83,-6.62
76001,-4.82,-5.88,-8.34,0.0,0.0,0.0,0,5004,8.62,-5.87
76021,-4.00,-6.04,-11.03,0.0,0.0,0.0,0,5000,10.56,-10.38
76043,-5.42,-6.19,-8.15,0.0,0.0,0.0,0,5000,13.58,-14.70
76063,-7.34,-6.53,-10.66,0.0,0.0,0.0,0,5000,16.12,-13.13
76084,-8.96,-6.81,-1.96,0.0,0.0,0.0,0,5012,20.40,-11.66
76104,-9.50,-7.09,0.43,0.0,0.0,0.0,0,5004,6.46,2.89
76125,-6.40,-7.34,-9.36,0.0,0.0,0.0,0,5004,-12.39,-0.47
76145,-5.31,-7.51,-15.27,0.0,0.0,0.0,0,5000,-7.20,-4.18
76166,-6.41,-7.75,-13.09,0.0,0.0,0.0,0,5000,13.43,-9.82
76186,-9.28,-8.14,-16.63,0.0,0.0,0.0,0,5004,15.45,-9.03
76207,-11.27,-8.88,-28.74,0.0,0.0,0.0,0,5000,2.47,-4.65
76228,-10.10,-9.77,-33.98,0.0,0.0,0.0,0,5000,-2.41,-3.16
76249,-8.51,-10.35,-23.09,0.0,0.0,0.0,0,5000,5.58,-5.58
76269,-11.09,-10.68,-12.07,0.0,0.0,0.0,0,5000,8.42,-8.76
76290,-11.43,-11.28,-18.02,0.0,0.0,0.0,0,5000,-4.85,-11.43
76310,-6.46,-11.33,-4.53,0.0,0.0,0.0,0,5004,-14.76,1.02
76331,-4.12,-10.69,1.61,0.0,0.0,0.0,0,5004,-0.71,-6.16
76351,-12.08,-10.93,-7.15,0.0,0.0,0.0,0,5004,5.08,-3.63
76372,-7.75,-11.19,-20.14,0.0,0.0,0.0,0,5004,10.31,-9.80
76393,-9.19,-11.35,-13.62,0.0,0.0,0.0,0,5000,12.41,-9.42
76413,-11.47,-11.45,0.04,0.0,0.0,0.0,0,5004,4.20,-3.81
76434,-10.76,-11.33,11.90,0.0,0.0,0.0,0,5004,-2.89,-2.79
76454,-9.09,-10.88,23.75,0.0,0.0,0.0,0,5004,0.75,-9.11
76475,-12.39,-10.37,30.45,0.0,0.0,0.0,0,5000,2.98,-3.36
76496,-12.54,-10.16,15.74,0.0,0.0,0.0,0,5000,-2.49,-1.16
76517,-5.22,-10.08,-7.66,0.0,0.0,0.0,0,5000,3.28,-12.58
76537,-7.91,-10.02,-10.52,0.0,0.0,0.0,0,5004,5.91,-13.45
76558,-11.18,-10.22,-3.20,0.0,0.0,0.0,0,5004,-1.10,-6.58
76578,-11.04,-10.35,-1.30,0.0,0.0,0.0,0,5000,-5.46,-3.36
76599,-11.22,-10.48,2.98,0.0,0.0,0.0,0,5000,3.28,-1.53
76619,-10.56,-10.40,7.54,0.0,0.0,0.0,0,5000,8.07,-2.89
76641,-11.58,-10.39,7.91,0.0,0.0,0.0,0,5004,11.99,-4.24
76661,-8.31,-10.25,-0.77,0.0,0.0,0.0,0,5004,12.66,-9.11
76682,-9.16,-10.39,-16.31,0.0,0.0,0.0,0,5004,7.81,-13.51
76702,-9.56,-10.77,-19.32,0.0,0.0,0.0,0,5000,6.99,-12.01
76723,-11.49,-10.96,-4.63,0.0,0.0,0.0,0,5000,-5.01,1.47
76743,-11.57,-11.21,-8.95,0.0,0.0,0.0,0,5000,-1.35,0.18
76765,-11.01,-11.40,-7.87,0.0,0.0,0.0,0,5004,2.18,1.06
76785,-11.28,-11.62,-9.89,0.0,0.0,0.0,0,5000,4.28,2.85
76806,-9.39,-11.72,-9.82,0.0,0.0,0.0,0,5004,-4.67,1.14
76826,-11.40,-11.82,-8.40,0.0,0.0,0.0,0,5004,-14.43,-0.14
76847,-10.59,-12.02,-9.25,0.0,0.0,0.0,0,5000,-15.49,1.57
76867,-11.03,-12.10,-4.06,0.0,0.0,0.0,0,5004,-13.37,7.79
76888,-10.65,-11.97,4.63,0.0,0.0,0.0,0,5004,-11.50,6.89
76909,-11.85,-11.79,12.70,0.0,0.0,0.0,0,5004,-11.76,3.89
76930,-13.89,-11.58,19.06,0.0,0.0,0.0,0,5004,-6.03,-0.73
76950,-13.70,-11.44,17.84,0.0,0.0,0.0,0,5000,0.02,-6.11
76971,-13.59,-11.24,22.22,0.0,0.0,0.0,0,5000,4.89,-7.70
76991,-14.23,-11.04,24.66,0.0,0.0,0.0,0,5000,1.14,-2.38
77011,-10.75,-10.87,8.97,0.0,0.0,0.0,0,5000,2.81,-6.52
77033,-19.94,-11.53,-40.52,0.0,0.0,0.0,0,5000,17.45,-22.22
77053,-1.68,-12.42,-47.86,0.0,0.0,0.0,0,5000,33.35,-34.33
77074,-7.78,-12.52,-27.70,0.0,0.0,0.0,0,5004,13.98,-24.99
77094,-4.10,-12.00,5.08,0.0,0.0,0.0,0,5004,-7.93,-20.89
77115,-11.15,-12.27,24.48,0.0,0.0,0.0,0,5004,-13.23,2.96
77136,-15.24,-11.85,35.55,0.0,0.0,0.0,0,5000,-5.58,0.96
77157,-12.53,-11.13,50.71,0.0,0.0,0.0,0,5000,-4.65,13.58
77177,-10.88,-10.20,43.58,0.0,0.0,0.0,0,5000,13.39,14.94
77198,-10.61,-9.83,13.39,0.0,0.0,0.0,0,5004,18.71,8.26
77219,-6.58,-9.61,-0.43,0.0,0.0,0.0,0,5004,3.02,5.42
77240,-8.69,-9.61,-0.29,0.0,0.0,0.0,0,5000,-11.86,1.65
77260,-9.84,-9.57,7.52,0.0,0.0,0.0,0,5000,-19.40,2.34
77281,-8.74,-9.31,16.39,0.0,0.0,0.0,0,5004,-17.69,2.47
77301,-9.21,-8.96,21.46,0.0,0.0,0.0,0,5000,-23.24,4.83
77322,-9.94,-8.57,22.48,0.0,0.0,0.0,0,5000,-18.63,6.11
77342,-10.32,-8.41,12.21,0.0,0.0,0.0,0,5004,-11.03,2.55
77363,-6.96,-8.32,8.89,0.0,0.0,0.0,0,5000,-14.61,-5.14
77383,-4.57,-7.86,17.06,0.0,0.0,0.0,0,5004,-24.11,-6.32
77405,-6.71,-7.43,19.38,0.0,0.0,0.0,0,5004,-11.33,1.51
77425,-7.32,-7.19,11.03,0.0,0.0,0.0,0,5004,-17.84,0.24
77446,-7.40,-6.77,41.56,0.0,0.0,0.0,0,5000,-12.58,0.39
77466,-7.20,-6.27,19.02,0.0,0.0,0.0,0,5004,-7.97,9.25
77487,-10.31,-6.25,12.41,0.0,0.0,0.0,0,5000,17.22,1.06
77507,-5.33,-6.21,8.95,0.0,0.0,0.0,0,5004,26.09,-3.95
77528,-5.64,-5.95,18.81,0.0,0.0,0.0,0,5004,32.27,-2.71
77548,-6.02,-5.45,30.27,0.0,0.0,0.0,0,5004,36.22,-1.81
77569,-4.89,-4.98,28.58,0.0,0.0,0.0,0,5000,44.37,-11.05
77590,-3.12,-4.45,19.55,0.0,0.0,0.0,0,5000,27.74,-7.17
77611,-3.08,-4.15,9.48,0.0,0.0,0.0,0,5000,8.97,-6.30
77631,-3.48,-4.01,3.40,0.0,0.0,0.0,0,5000,-1.06,-5.40
77651,-3.45,-3.98,2.53,0.0,0.0,0.0,0,5000,-3.08,-5.40
77672,-3.72,-3.94,3.04,0.0,0.0,0.0,0,5000,-2.49,-5.95
77692,-4.09,-3.91,4.67,0.0,0.0,0.0,0,5000,-0.47,-7.22
77713,-3.90,-3.83,6.67,0.0,0.0,0.0,0,5000,3.28,-7.52
77733,-3.66,-3.70,8.03,0.0,0.0,0.0,0,5004,5.38,-6.64
77754,-3.12,-3.56,6.73,0.0,0.0,0.0,0,5000,3.67,-5.26
77774,-3.03,-3.45,5.16,0.0,0.0,0.0,0,5000,1.67,-4.89
77795,-3.42,-3.40,3.49,0.0,0.0,0.0,0,5000,-0.77,-4.65
77815,-3.52,-3.37,3.24,0.0,0.0,0.0,0,5000,-0.90,-4.38
77836,-3.00,-3.31,2.98,0.0,0.0,0.0,0,5000,-1.28,-4.26
77856,-2.95,-3.29,1.88,0.0,0.0,0.0,0,5004,-3.02,-4.18
77877,-3.10,-3.28,0.94,0.0,0.0,0.0,0,5000,-4.08,-3.83
77897,-3.26,-3.29,1.14,0.0,0.0,0.0,0,5000,-4.04,-4.14
77918,-3.65,-3.30,1.53,0.0,0.0,0.0,0,5004,-3.81,-4.14
77938,-3.44,-3.31,2.28,0.0,0.0,0.0,0,5004,-2.28,-4.36
77959,-3.03,-3.29,1.98,0.0,0.0,0.0,0,5000,-2.75,-4.12
77979,-2.97,-3.27,2.08,0.0,0.0,0.0,0,5000,-2.22,-4.14
78000,-2.67,-3.24,1.67,0.0,0.0,0.0,0,5000,-2.79,-4.16
78020,-1.77,-3.22,0.96,0.0,0.0,0.0,0,5000,-4.85,-2.85
78041,-3.21,-3.27,2.81,0.0,0.0,0.0,0,5000,-1.83,-4.69
78061,-2.88,-3.24,1.51,0.0,0.0,0.0,0,5000,-3.57,-4.22
78082,-3.28,-3.24,1.88,0.0,0.0,0.0,0,5000,-2.85,-4.20
78102,-3.03,-3.23,1.85,0.0,0.0,0.0,0,5000,-2.73,-4.12
78123,-3.18,-3.23,1.75,0.0,0.0,0.0,0,5000,-2.85,-4.06
78143,-3.35,-3.22,1.96,0.0,0.0,0.0,0,5000,-2.67,-4.10
78163,-3.27,-3.22,2.14,0.0,0.0,0.0,0,5004,-2.43,-4.06
78184,-3.11,-3.21,1.75,0.0,0.0,0.0,0,5004,-2.89,-4.12
78204,-3.25,-3.21,1.92,0.0,0.0,0.0,0,5000,-2.81,-4.10
78225,-3.09,-3.20,1.88,0.0,0.0,0.0,0,5004,-2.81,-3.97
78245,-3.09,-3.20,1.88,0.0,0.0,0.0,0,5000,-2.85,-4.12
78267,-2.96,-3.19,1.98,0.0,0.0,0.0,0,5000,-2.61,-4.02
78287,-3.13,-3.17,1.83,0.0,0.0,0.0,0,5004,-2.94,-4.06
78308,-3.24,-3.18,1.88,0.0,0.0,0.0,0,5000,-2.83,-4.08
78328,-2.84,-3.16,1.88,0.0,0.0,0.0,0,5000,-2.77,-4.12
78349,-3.32,-3.16,1.81,0.0,0.0,0.0,0,5004,-2.77,-4.06
78369,-3.34,-3.16,1.98,0.0,0.0,0.0,0,5004,-2.79,-4.04
78390,-3.18,-3.17,1.83,0.0,0.0,0.0,0,5004,-2.73,-3.93
78410,-3.05,-3.16,1.81,0.0,0.0,0.0,0,5004,-2.75,-4.08
78431,-3.10,-3.15,1.81,0.0,0.0,0.0,0,5004,-2.85,-4.14
78451,-3.45,-3.16,1.85,0.0,0.0,0.0,0,5000,-2.91,-4.02
78472,-3.27,-3.17,1.81,0.0,0.0,0.0,0,5004,-2.79,-4.16
78492,-3.07,-3.16,1.88,0.0,0.0,0.0,0,5000,-2.85,-4.00
78513,-3.26,-3.16,1.81,0.0,0.0,0.0,0,5008,-2.73,-4.00
78533,-3.06,-3.15,1.98,0.0,0.0,0.0,0,5000,-2.85,-4.04
78554,-3.24,-3.16,1.77,0.0,0.0,0.0,0,5004,-2.77,-4.08
78574,-3.20,-3.15,1.83,0.0,0.0,0.0,0,5000,-2.79,-4.04
78595,-3.28,-3.15,1.92,0.0,0.0,0.0,0,5000,-2.81,-4.20
78615,-3.24,-3.15,1.92,0.0,0.0,0.0,0,5004,-2.85,-4.16
78636,-3.18,-3.15,1.92,0.0,0.0,0.0,0,5004,-2.79,-4.14
78656,-3.25,-3.16,1.79,0.0,0.0,0.0,0,5004,-2.77,-4.12
78676,-3.07,-3.16,1.88,0.0,0.0,0.0,0,5004,-2.87,-4.06
78697,-2.89,-3.15,1.83,0.0,0.0,0.0,0,5000,-2.94,-4.08
78717,-3.00,-3.14,1.98,0.0,0.0,0.0,0,5004,-2.75,-4.08
78738,-3.20,-3.13,1.81,0.0,0.0,0.0,0,5004,-2.81,-4.06
78758,-3.25,-3.13,1.90,0.0,0.0,0.0,0,5004,-2.75,-4.14
78779,-3.35,-3.15,2.00,0.0,0.0,0.0,0,5004,-2.79,-4.12
78799,-3.20,-3.15,1.98,0.0,0.0,0.0,0,5004,-2.87,-4.12
78820,-3.21,-3.15,1.88,0.0,0.0,0.0,0,5004,-2.94,-4.04
78840,-3.17,-3.15,1.92,0.0,0.0,0.0,0,5004,-2.85,-4.14
78861,-3.27,-3.15,1.81,0.0,0.0,0.0,0,5000,-2.83,-4.16
78881,-3.24,-3.14,1.85,0.0,0.0,0.0,0,5000,-2.73,-4.10
78902,-3.28,-3.15,1.83,0.0,0.0,0.0,0,5000,-2.94,-4.02
78922,-3.01,-3.14,1.90,0.0,0.0,0.0,0,5000,-2.94,-4.04
78943,-2.94,-3.13,1.83,0.0,0.0,0.0,0,5004,-2.83,-4.14
78963,-3.25,-3.13,1.79,0.0,0.0,0.0,0,5000,-2.87,-4.08
78984,-3.18,-3.13,1.75,0.0,0.0,0.0,0,5000,-2.89,-4.08
79004,-3.40,-3.14,1.90,0.0,0.0,0.0,0,5004,-2.89,-4.10
79025,-3.26,-3.14,1.79,0.0,0.0,0.0,0,5000,-2.81,-4.10
79045,-2.93,-3.14,1.81,0.0,0.0,0.0,0,5004,-2.85,-4.00
79066,-3.00,-3.13,1.85,0.0,0.0,0.0,0,5000,-2.83,-4.14
79087,-3.06,-3.13,1.94,0.0,0.0,0.0,0,5000,-2.85,-4.14
79108,-3.24,-3.13,1.96,0.0,0.0,0.0,0,5004,-2.83,-4.08
79128,-3.10,-3.13,1.83,0.0,0.0,0.0,0,5004,-2.83,-4.02
79149,-3.09,-3.13,1.85,0.0,0.0,0.0,0,5000,-2.87,-4.08
79169,-3.12,-3.12,1.85,0.0,0.0,0.0,0,5004,-2.87,-4.12
79190,-3.14,-3.12,1.81,0.0,0.0,0.0,0,5004,-2.91,-3.97
79210,-3.15,-3.13,1.90,0.0,0.0,0.0,0,5000,-2.73,-4.04
79230,-3.14,-3.12,1.90,0.0,0.0,0.0,0,5000,-2.91,-4.04
79251,-3.19,-3.12,1.83,0.0,0.0,0.0,0,5004,-2.96,-4.00
79271,-3.22,-3.12,1.81,0.0,0.0,0.0,0,5004,-2.89,-3.93
79292,-3.09,-3.13,1.77,0.0,0.0,0.0,0,5008,-2.73,-4.12
79312,-3.31,-3.13,2.02,0.0,0.0,0.0,0,5000,-2.53,-4.06
79333,-3.13,-3.12,1.85,0.0,0.0,0.0,0,5004,-3.06,-3.97
79353,-3.20,-3.12,1.83,0.0,0.0,0.0,0,5004,-2.98,-4.04
79374,-3.26,-3.12,1.83,0.0,0.0,0.0,0,5000,-2.85,-4.08
79394,-3.22,-3.12,1.85,0.0,0.0,0.0,0,5004,-2.71,-4.02
79415,-3.23,-3.13,1.81,0.0,0.0,0.0,0,5000,-2.83,-4.16
79435,-2.88,-3.12,1.75,0.0,0.0,0.0,0,5000,-2.79,-4.18
79456,-2.94,-3.11,1.90,0.0,0.0,0.0,0,5004,-2.45,-4.04
79476,-3.12,-3.10,1.90,0.0,0.0,0.0,0,5000,-2.69,-4.10
79497,-3.29,-3.12,1.69,0.0,0.0,0.0,0,5004,-3.04,-4.06
79517,-3.20,-3.12,1.90,0.0,0.0,0.0,0,5004,-2.65,-4.08
79538,-2.99,-3.12,1.88,0.0,0.0,0.0,0,5004,-2.83,-3.97
79558,-3.12,-3.12,1.85,0.0,0.0,0.0,0,5000,-2.81,-4.20
79579,-3.00,-3.10,1.77,0.0,0.0,0.0,0,5004,-2.94,-4.04
79599,-3.26,-3.11,1.77,0.0,0.0,0.0,0,5004,-2.83,-3.95
79620,-3.22,-3.12,1.85,0.0,0.0,0.0,0,5004,-2.79,-4.08
79640,-3.00,-3.11,1.85,0.0,0.0,0.0,0,5000,-2.98,-4.10
79661,-3.17,-3.11,1.92,0.0,0.0,0.0,0,5000,-2.79,-4.16
79681,-3.08,-3.10,1.94,0.0,0.0,0.0,0,5004,-2.67,-4.06
79702,-3.33,-3.12,1.90,0.0,0.0,0.0,0,5004,-2.85,-4.10
79722,-3.19,-3.12,1.83,0.0,0.0,0.0,0,5000,-2.98,-4.14
79742,-3.27,-3.12,1.85,0.0,0.0,0.0,0,5000,-2.89,-4.02
79763,-2.97,-3.11,2.00,0.0,0.0,0.0,0,5000,-2.75,-4.08
79783,-3.15,-3.10,1.75,0.0,0.0,0.0,0,5000,-2.96,-4.10
79804,-3.19,-3.11,1.77,0.0,0.0,0.0,0,5004,-3.00,-3.91
79824,-3.13,-3.12,1.81,0.0,0.0,0.0,0,5004,-2.77,-4.04
79846,-3.31,-3.11,1.81,0.0,0.0,0.0,0,5000,-2.81,-4.04
79866,-2.82,-3.11,1.81,0.0,0.0,0.0,0,5000,-2.81,-4.12
79887,-3.12,-3.10,1.79,0.0,0.0,0.0,0,5004,-2.79,-4.08
79907,-3.25,-3.11,1.83,0.0,0.0,0.0,0,5000,-2.79,-4.06
79928,-3.03,-3.12,1.83,0.0,0.0,0.0,0,5000,-2.91,-4.00
79948,-3.34,-3.13,1.92,0.0,0.0,0.0,0,5000,-2.89,-4.06
79969,-3.15,-3.13,1.88,0.0,0.0,0.0,0,5000,-2.77,-4.10
79989,-2.81,-3.11,1.90,0.0,0.0,0.0,0,5000,-2.79,-4.00
80010,-2.95,-3.10,1.77,0.0,0.0,0.0,0,5000,-2.79,-4.12
80030,-3.40,-3.11,1.83,0.0,0.0,0.0,0,5004,-2.79,-4.04
80051,-3.26,-3.12,1.85,0.0,0.0,0.0,0,5000,-2.87,-4.08
80071,-3.11,-3.12,1.92,0.0,0.0,0.0,0,5004,-2.79,-4.12
80092,-2.80,-3.09,1.79,0.0,0.0,0.0,0,5000,-2.91,-4.04
80112,-3.08,-3.08,1.85,0.0,0.0,0.0,0,5000,-2.69,-4.02
80133,-3.32,-3.08,1.73,0.0,0.0,0.0,0,5004,-3.00,-3.95
80153,-3.36,-3.10,1.88,0.0,0.0,0.0,0,5000,-3.00,-4.10
80174,-3.06,-3.10,1.81,0.0,0.0,0.0,0,5000,-2.73,-4.26
80194,-2.76,-3.08,1.85,0.0,0.0,0.0,0,5004,-2.75,-4.10
80215,-2.90,-3.07,1.85,0.0,0.0,0.0,0,5000,-2.75,-4.18
80235,-3.07,-3.06,1.85,0.0,0.0,0.0,0,5000,-2.89,-4.04
80256,-3.07,-3.07,1.88,0.0,0.0,0.0,0,5000,-2.73,-4.10
80276,-3.05,-3.07,1.79,0.0,0.0,0.0,0,5004,-2.83,-4.06
80296,-3.00,-3.07,1.75,0.0,0.0,0.0,0,5000,-2.77,-4.08
80317,-3.27,-3.07,1.79,0.0,0.0,0.0,0,5004,-2.77,-3.93
80337,-3.23,-3.09,1.88,0.0,0.0,0.0,0,5000,-2.81,-4.02
80358,-3.13,-3.09,1.77,0.0,0.0,0.0,0,5004,-2.69,-3.93
80378,-2.93,-3.08,1.85,0.0,0.0,0.0,0,5000,-2.81,-4.12
80399,-2.90,-3.07,1.71,0.0,0.0,0.0,0,5000,-3.00,-4.12
80419,-3.23,-3.08,1.88,0.0,0.0,0.0,0,5000,-2.87,-4.10
80440,-3.15,-3.09,1.79,0.0,0.0,0.0,0,5000,-2.87,-4.08
80460,-3.26,-3.10,1.83,0.0,0.0,0.0,0,5004,-2.91,-4.16
80481,-3.29,-3.11,1.92,0.0,0.0,0.0,0,5000,-2.77,-4.06
80501,-3.18,-3.11,1.83,0.0,0.0,0.0,0,5004,-2.85,-4.04
80522,-3.21,-3.11,1.88,0.0,0.0,0.0,0,5004,-3.00,-4.10
80542,-3.32,-3.12,2.10,0.0,0.0,0.0,0,5004,-2.96,-4.00
80563,-3.23,-3.13,1.75,0.0,0.0,0.0,0,5000,-3.04,-4.00
80583,-3.07,-3.12,1.79,0.0,0.0,0.0,0,5004,-2.79,-4.08
80604,-2.78,-3.10,1.73,0.0,0.0,0.0,0,5000,-2.79,-4.04
80624,-2.95,-3.10,1.90,0.0,0.0,0.0,0,5000,-2.51,-4.04
80645,-3.31,-3.12,1.63,0.0,0.0,0.0,0,5004,-3.16,-4.02
80665,-2.96,-3.15,2.22,0.0,0.0,0.0,0,5004,-2.57,-4.12
80686,-2.63,-3.14,1.83,0.0,0.0,0.0,0,5004,-2.94,-4.06
80706,-2.42,-3.11,2.02,0.0,0.0,0.0,0,5004,-2.79,-4.04
80727,-3.13,-3.09,1.55,0.0,0.0,0.0,0,5000,-3.08,-4.06
80747,-3.64,-3.12,1.59,0.0,0.0,0.0,0,5000,-2.59,-4.08
80769,-3.68,-3.17,1.83,0.0,0.0,0.0,0,5004,-2.43,-4.12
80789,-2.70,-3.17,1.79,0.0,0.0,0.0,0,5000,-3.02,-4.10
80809,-2.49,-3.13,1.88,0.0,0.0,0.0,0,5000,-2.96,-4.00
80830,-2.97,-3.09,2.12,0.0,0.0,0.0,0,5004,-2.51,-4.04
80850,-3.73,-3.13,1.69,0.0,0.0,0.0,0,5000,-3.36,-4.12
80871,-3.57,-3.18,1.79,0.0,0.0,0.0,0,5004,-2.73,-4.14
80891,-2.96,-3.17,1.96,0.0,0.0,0.0,0,5000,-2.81,-3.93
80912,-2.61,-3.13,2.04,0.0,0.0,0.0,0,5000,-2.53,-4.16
80932,-2.69,-3.07,1.71,0.0,0.0,0.0,0,5004,-3.14,-4.10
80953,-3.29,-3.08,1.63,0.0,0.0,0.0,0,5000,-2.96,-4.10
80973,-3.85,-3.13,1.85,0.0,0.0,0.0,0,5008,-2.59,-4.00
80994,-3.61,-3.18,2.04,0.0,0.0,0.0,0,5004,-2.81,-4.06
81014,-2.52,-3.15,1.88,0.0,0.0,0.0,0,5000,-2.96,-4.16
81035,-2.30,-3.09,1.75,0.0,0.0,0.0,0,5000,-2.94,-4.12
81055,-3.10,-3.08,1.73,0.0,0.0,0.0,0,5000,-2.79,-4.12
81076,-3.75,-3.12,1.79,0.0,0.0,0.0,0,5004,-2.98,-4.02
81096,-3.39,-3.16,1.94,0.0,0.0,0.0,0,5004,-2.79,-4.16
81117,-2.52,-3.14,1.90,0.0,0.0,0.0,0,5004,-2.79,-4.00
81137,-2.79,-3.10,1.94,0.0,0.0,0.0,0,5004,-2.89,-4.08
81158,-2.83,-3.07,1.59,0.0,0.0,0.0,0,5004,-3.08,-4.06
81178,-3.34,-3.08,1.85,0.0,0.0,0.0,0,5000,-2.73,-4.14
81199,-3.58,-3.11,2.14,0.0,0.0,0.0,0,5004,-2.45,-4.04
81219,-3.09,-3.12,1.79,0.0,0.0,0.0,0,5000,-2.94,-4.06
81240,-2.78,-3.10,1.77,0.0,0.0,0.0,0,5004,-2.89,-4.12
81260,-2.71,-3.07,1.73,0.0,0.0,0.0,0,5004,-2.87,-4.00
81281,-3.30,-3.08,1.81,0.0,0.0,0.0,0,5000,-2.67,-4.16
81301,-3.52,-3.10,1.77,0.0,0.0,0.0,0,5000,-2.91,-4.08
81321,-3.22,-3.12,1.96,0.0,0.0,0.0,0,5000,-2.85,-4.12
81342,-3.34,-3.11,2.04,0.0,0.0,0.0,0,5004,-2.59,-4.14
81362,-2.80,-3.08,2.00,0.0,0.0,0.0,0,5000,-3.36,-4.20
81383,-3.38,-3.07,1.81,0.0,0.0,0.0,0,5004,-2.67,-4.02
81403,-3.11,-3.08,1.65,0.0,0.0,0.0,0,5000,-2.96,-4.00
81424,-3.40,-3.10,2.08,0.0,0.0,0.0,0,5000,-2.43,-4.06
81444,-3.26,-3.11,2.04,0.0,0.0,0.0,0,5004,-2.89,-4.10
81465,-2.64,-3.09,1.77,0.0,0.0,0.0,0,5000,-3.08,-4.10
81485,-2.95,-3.06,1.83,0.0,0.0,0.0,0,5004,-2.83,-4.00
81506,-3.36,-3.06,1.77,0.0,0.0,0.0,0,5004,-2.83,-4.04
81526,-3.77,-3.10,1.96,0.0,0.0,0.0,0,5000,-2.85,-4.08
81547,-3.37,-3.12,1.65,0.0,0.0,0.0,0,5004,-2.91,-4.12
81567,-2.83,-3.11,1.96,0.0,0.0,0.0,0,5004,-2.53,-4.06
81588,-2.49,-3.06,2.00,0.0,0.0,0.0,0,5000,-2.77,-4.10
81608,-2.64,-3.04,1.49,0.0,0.0,0.0,0,5000,-3.34,-4.14
81629,-3.56,-3.07,2.00,0.0,0.0,0.0,0,5000,-2.53,-4.04
81649,-3.13,-3.09,1.81,0.0,0.0,0.0,0,5000,-2.89,-4.12
81671,-3.06,-3.10,1.96,0.0,0.0,0.0,0,5000,-2.55,-4.06
81691,-2.64,-3.07,1.83,0.0,0.0,0.0,0,5004,-2.85,-4.02
81712,-3.01,-3.04,1.96,0.0,0.0,0.0,0,5004,-2.69,-4.06
81732,-3.55,-3.05,1.79,0.0,0.0,0.0,0,5004,-3.28,-4.12
81753,-3.26,-3.07,1.47,0.0,0.0,0.0,0,5004,-3.18,-4.12
81773,-3.42,-3.08,2.18,0.0,0.0,0.0,0,5004,-2.24,-4.10
81794,-2.89,-3.06,1.94,0.0,0.0,0.0,0,5000,-2.59,-4.10
81814,-3.13,-3.05,1.79,0.0,0.0,0.0,0,5004,-3.14,-4.10
81835,-2.89,-3.04,1.61,0.0,0.0,0.0,0,5000,-3.10,-4.08
81855,-2.89,-3.04,1.98,0.0,0.0,0.0,0,5004,-2.32,-4.12
81875,-3.29,-3.07,1.79,0.0,0.0,0.0,0,5004,-2.85,-4.10
81896,-2.76,-3.08,1.65,0.0,0.0,0.0,0,5000,-3.44,-4.08
81916,-2.52,-3.04,2.04,0.0,0.0,0.0,0,5000,-2.49,-3.93
81937,-2.74,-3.01,1.77,0.0,0.0,0.0,0,5000,-2.79,-4.00
81957,-3.31,-3.02,1.88,0.0,0.0,0.0,0,5000,-3.08,-3.95
81978,-2.99,-3.04,1.59,0.0,0.0,0.0,0,5008,-2.85,-4.04
81998,-3.23,-3.05,1.98,0.0,0.0,0.0,0,5000,-2.81,-4.16
82019,-3.41,-3.07,1.83,0.0,0.0,0.0,0,5004,-2.89,-4.04
82039,-2.60,-3.06,1.94,0.0,0.0,0.0,0,5004,-2.67,-4.14
82060,-2.95,-3.03,1.85,0.0,0.0,0.0,0,5004,-2.83,-4.10
82080,-2.89,-3.02,1.79,0.0,0.0,0.0,0,5004,-2.73,-4.06
82101,-3.68,-3.05,1.71,0.0,0.0,0.0,0,5004,-2.91,-3.91
82121,-3.60,-3.10,1.85,0.0,0.0,0.0,0,5000,-2.96,-4.18
82142,-3.01,-3.09,1.79,0.0,0.0,0.0,0,5000,-3.16,-4.00
82162,-2.80,-3.07,2.00,0.0,0.0,0.0,0,5000,-2.75,-4.12
82183,-2.83,-3.05,1.81,0.0,0.0,0.0,0,5004,-2.69,-4.00
82203,-3.24,-3.06,1.75,0.0,0.0,0.0,0,5000,-2.85,-3.95
82224,-3.22,-3.08,1.83,0.0,0.0,0.0,0,5000,-2.83,-4.10
82244,-3.28,-3.08,1.81,0.0,0.0,0.0,0,5004,-2.85,-4.06
82265,-2.86,-3.07,1.79,0.0,0.0,0.0,0,5004,-2.87,-4.10
82285,-2.91,-3.06,1.83,0.0,0.0,0.0,0,5004,-2.89,-4.02
82306,-3.31,-3.07,1.90,0.0,0.0,0.0,0,5000,-2.67,-4.08
82326,-3.42,-3.09,1.98,0.0,0.0,0.0,0,5000,-2.98,-4.02
82347,-3.08,-3.10,1.90,0.0,0.0,0.0,0,5000,-2.96,-4.10
82367,-2.70,-3.08,1.88,0.0,0.0,0.0,0,5000,-3.06,-4.06
82387,-2.84,-3.06,1.81,0.0,0.0,0.0,0,5000,-2.75,-4.08
82408,-3.27,-3.06,1.75,0.0,0.0,0.0,0,5000,-2.71,-4.02
82428,-3.10,-3.07,1.92,0.0,0.0,0.0,0,5000,-2.69,-4.02
82449,-3.11,-3.08,1.85,0.0,0.0,0.0,0,5004,-2.85,-4.08
82469,-2.72,-3.07,1.88,0.0,0.0,0.0,0,5000,-2.98,-4.12
82490,-2.53,-3.03,1.85,0.0,0.0,0.0,0,5004,-3.14,-4.12
82510,-3.05,-3.03,1.83,0.0,0.0,0.0,0,5004,-3.08,-4.10
82531,-3.23,-3.04,1.79,0.0,0.0,0.0,0,5004,-2.79,-3.95
82551,-3.24,-3.06,1.96,0.0,0.0,0.0,0,5000,-2.61,-4.20
82572,-2.92,-3.05,1.92,0.0,0.0,0.0,0,5004,-2.81,-3.95
82592,-3.06,-3.04,1.96,0.0,0.0,0.0,0,5004,-2.94,-4.02
82613,-3.01,-3.03,1.73,0.0,0.0,0.0,0,5004,-3.10,-4.06
82633,-3.31,-3.05,1.92,0.0,0.0,0.0,0,5004,-2.79,-4.16
82654,-3.09,-3.06,1.83,0.0,0.0,0.0,0,5004,-2.83,-4.00
82674,-3.09,-3.05,1.94,0.0,0.0,0.0,0,5000,-2.73,-4.12
82695,-2.66,-3.03,1.92,0.0,0.0,0.0,0,5000,-2.87,-4.10
82715,-3.12,-3.02,1.83,0.0,0.0,0.0,0,5000,-3.04,-4.14
82736,-3.22,-3.03,1.77,0.0,0.0,0.0,0,5004,-2.98,-4.08
82756,-3.03,-3.04,1.81,0.0,0.0,0.0,0,5004,-2.87,-4.06
82777,-3.25,-3.05,1.96,0.0,0.0,0.0,0,5000,-2.71,-4.10
82797,-3.00,-3.04,1.90,0.0,0.0,0.0,0,5004,-2.83,-3.97
82818,-2.84,-3.03,1.79,0.0,0.0,0.0,0,5000,-2.83,-4.12
82838,-3.11,-3.03,1.88,0.0,0.0,0.0,0,5000,-2.94,-4.10
82860,-3.15,-3.03,1.79,0.0,0.0,0.0,0,5004,-2.87,-4.14
82880,-3.16,-3.05,1.81,0.0,0.0,0.0,0,5004,-3.02,-4.10
82900,-2.79,-3.04,1.81,0.0,0.0,0.0,0,5000,-2.71,-3.93
82921,-3.06,-3.03,1.90,0.0,0.0,0.0,0,5000,-2.77,-4.12
82941,-3.13,-3.04,1.71,0.0,0.0,0.0,0,5000,-3.06,-4.06
82962,-3.12,-3.05,1.94,0.0,0.0,0.0,0,5000,-2.98,-4.00
82982,-3.02,-3.05,1.85,0.0,0.0,0.0,0,5004,-2.71,-4.02
83003,-2.83,-3.04,1.81,0.0,0.0,0.0,0,5004,-2.85,-4.08
83023,-3.13,-3.04,2.22,0.0,0.0,0.0,0,5004,-2.77,-4.02
83044,-3.13,-3.03,1.77,0.0,0.0,0.0,0,5004,-2.98,-4.00
83064,-3.23,-3.04,1.77,0.0,0.0,0.0,0,5000,-2.81,-4.18
83085,-2.96,-3.03,1.77,0.0,0.0,0.0,0,5000,-2.89,-4.06
83105,-2.80,-3.02,1.94,0.0,0.0,0.0,0,5000,-2.53,-4.14
83126,-3.20,-3.02,1.69,0.0,0.0,0.0,0,5000,-3.02,-3.97
83146,-2.70,-3.02,1.69,0.0,0.0,0.0,0,5004,-2.85,-4.02
83167,-2.98,-3.01,2.02,0.0,0.0,0.0,0,5008,-2.41,-4.04
83187,-2.87,-3.03,1.77,0.0,0.0,0.0,0,5000,-2.81,-4.10
83208,-2.58,-3.01,1.55,0.0,0.0,0.0,0,5000,-3.26,-4.10
83228,-2.96,-3.01,1.94,0.0,0.0,0.0,0,5004,-2.67,-4.10
83249,-3.33,-3.01,1.83,0.0,0.0,0.0,0,5004,-2.61,-4.02
83269,-3.71,-3.06,1.85,0.0,0.0,0.0,0,5004,-3.04,-4.04
83290,-2.48,-3.06,1.59,0.0,0.0,0.0,0,5000,-3.26,-4.18
83310,-2.80,-3.03,2.18,0.0,0.0,0.0,0,5000,-2.38,-4.00
83331,-2.65,-3.02,1.71,0.0,0.0,0.0,0,5000,-2.94,-4.06
83351,-3.06,-3.01,1.83,0.0,0.0,0.0,0,5000,-3.00,-4.00
83372,-3.32,-3.04,1.92,0.0,0.0,0.0,0,5000,-2.59,-4.08
83392,-2.98,-3.05,1.71,0.0,0.0,0.0,0,5004,-2.79,-3.93
83412,-2.96,-3.06,2.06,0.0,0.0,0.0,0,5000,-2.59,-4.08
83433,-2.45,-3.03,1.65,0.0,0.0,0.0,0,5004,-3.40,-4.00
83453,-3.19,-3.03,2.00,0.0,0.0,0.0,0,5000,-2.87,-4.00
83474,-2.99,-3.03,1.75,0.0,0.0,0.0,0,5004,-2.96,-3.93
83494,-3.12,-3.04,1.98,0.0,0.0,0.0,0,5000,-2.53,-3.97
83515,-2.85,-3.04,1.92,0.0,0.0,0.0,0,5000,-2.81,-4.04
83535,-2.99,-3.03,1.79,0.0,0.0,0.0,0,5000,-3.16,-4.08
83556,-3.37,-3.05,1.83,0.0,0.0,0.0,0,5004,-2.85,-4.16
83576,-3.02,-3.05,1.81,0.0,0.0,0.0,0,5004,-2.98,-4.06
83597,-3.18,-3.05,1.94,0.0,0.0,0.0,0,5000,-2.77,-4.02
83617,-2.79,-3.05,1.81,0.0,0.0,0.0,0,5000,-2.89,-4.04
83638,-3.07,-3.04,1.88,0.0,0.0,0.0,0,5004,-2.77,-4.10
83658,-3.05,-3.05,1.81,0.0,0.0,0.0,0,5000,-2.89,-4.10
83679,-3.27,-3.05,1.94,0.0,0.0,0.0,0,5000,-3.02,-4.08
83699,-2.87,-3.06,1.83,0.0,0.0,0.0,0,5004,-2.96,-4.14
83720,-2.94,-3.05,1.79,0.0,0.0,0.0,0,5000,-2.85,-4.06
83740,-2.95,-3.05,1.83,0.0,0.0,0.0,0,5000,-2.69,-3.95
83761,-2.89,-3.03,1.85,0.0,0.0,0.0,0,5004,-2.85,-4.06
83781,-3.06,-3.03,1.83,0.0,0.0,0.0,0,5000,-2.87,-4.02
83802,-3.01,-3.03,1.83,0.0,0.0,0.0,0,5000,-2.89,-4.04
83822,-3.13,-3.03,1.88,0.0,0.0,0.0,0,5000,-2.81,-4.10
83843,-2.80,-3.03,1.77,0.0,0.0,0.0,0,5000,-2.79,-4.02
83863,-3.55,-3.05,1.98,0.0,0.0,0.0,0,5000,-2.55,-4.22
83884,-3.11,-3.07,1.88,0.0,0.0,0.0,0,5004,-3.18,-4.06
83904,-2.97,-3.06,2.10,0.0,0.0,0.0,0,5004,-2.91,-4.04
83924,-3.06,-3.05,2.02,0.0,0.0,0.0,0,5004,-2.79,-4.02
83945,-2.69,-3.03,1.85,0.0,0.0,0.0,0,5004,-2.87,-4.10
83966,-3.19,-3.01,1.85,0.0,0.0,0.0,0,5004,-2.85,-4.06
83987,-3.29,-3.03,1.81,0.0,0.0,0.0,0,5004,-2.83,-4.18
84007,-3.48,-3.05,1.88,0.0,0.0,0.0,0,5000,-2.83,-4.04
84028,-3.36,-3.08,2.10,0.0,0.0,0.0,0,5000,-2.67,-4.08
84048,-2.65,-3.05,1.81,0.0,0.0,0.0,0,5000,-2.94,-4.06
84069,-2.95,-3.03,1.81,0.0,0.0,0.0,0,5004,-3.14,-4.06
84089,-3.16,-3.02,1.63,0.0,0.0,0.0,0,5000,-2.91,-4.06
84110,-3.27,-3.04,1.79,0.0,0.0,0.0,0,5000,-2.59,-4.06
84130,-2.88,-3.04,1.65,0.0,0.0,0.0,0,5004,-2.85,-4.14
84151,-3.10,-3.04,2.04,0.0,0.0,0.0,0,5000,-2.67,-4.14
84171,-2.98,-3.04,1.73,0.0,0.0,0.0,0,5004,-3.10,-4.06
84192,-3.32,-3.04,2.00,0.0,0.0,0.0,0,5000,-2.77,-3.95
84212,-3.01,-3.05,1.83,0.0,0.0,0.0,0,5000,-3.10,-3.95
84233,-2.79,-3.04,1.88,0.0,0.0,0.0,0,5000,-2.96,-4.06
84253,-3.26,-3.05,1.73,0.0,0.0,0.0,0,5000,-2.75,-4.04
84274,-3.06,-3.05,2.06,0.0,0.0,0.0,0,5000,-2.55,-4.14
84294,-3.15,-3.06,1.73,0.0,0.0,0.0,0,5004,-3.10,-4.02
84315,-2.49,-3.05,1.45,0.0,0.0,0.0,0,5004,-3.04,-4.14
84335,-3.17,-3.06,2.02,0.0,0.0,0.0,0,5008,-2.57,-4.08
84356,-2.58,-3.05,1.90,0.0,0.0,0.0,0,5000,-2.83,-4.08
84376,-2.97,-3.05,1.65,0.0,0.0,0.0,0,5000,-3.22,-4.00
84397,-2.99,-3.05,1.83,0.0,0.0,0.0,0,5000,-2.73,-4.02
84417,-2.66,-3.04,2.02,0.0,0.0,0.0,0,5004,-2.26,-4.00
84438,-3.14,-3.06,1.85,0.0,0.0,0.0,0,5000,-3.26,-4.10
84458,-2.93,-3.07,1.75,0.0,0.0,0.0,0,5000,-3.14,-4.10
84478,-3.39,-3.07,1.94,0.0,0.0,0.0,0,5004,-2.51,-4.04
84499,-2.91,-3.08,1.71,0.0,0.0,0.0,0,5004,-2.87,-4.22
84519,-2.90,-3.05,1.85,0.0,0.0,0.0,0,5004,-2.55,-4.12
84540,-2.53,-3.02,1.77,0.0,0.0,0.0,0,5000,-2.89,-4.10
84560,-3.14,-3.01,1.83,0.0,0.0,0.0,0,5000,-2.75,-4.12
84581,-3.26,-3.03,1.75,0.0,0.0,0.0,0,5000,-2.85,-3.93
84601,-3.21,-3.04,1.85,0.0,0.0,0.0,0,5000,-3.00,-4.10
84622,-2.95,-3.04,1.88,0.0,0.0,0.0,0,5000,-2.91,-4.06
84642,-2.74,-3.01,1.90,0.0,0.0,0.0,0,5000,-2.59,-4.04
84663,-3.20,-3.01,1.71,0.0,0.0,0.0,0,5000,-2.77,-4.12
84683,-3.06,-3.03,1.77,0.0,0.0,0.0,0,5004,-3.06,-4.14
84704,-3.27,-3.05,1.96,0.0,0.0,0.0,0,5000,-2.85,-4.04
84724,-2.91,-3.05,1.88,0.0,0.0,0.0,0,5004,-2.89,-4.14
84745,-2.93,-3.04,1.77,0.0,0.0,0.0,0,5004,-2.79,-4.00
84765,-2.96,-3.04,1.79,0.0,0.0,0.0,0,5000,-2.81,-4.04
84786,-3.37,-3.04,1.92,0.0,0.0,0.0,0,5000,-2.75,-4.06
84806,-3.34,-3.07,1.83,0.0,0.0,0.0,0,5000,-2.96,-4.06
84827,-2.89,-3.06,1.73,0.0,0.0,0.0,0,5004,-2.94,-4.08
84847,-2.71,-3.05,1.90,0.0,0.0,0.0,0,5004,-2.79,-4.02
84868,-3.03,-3.03,1.79,0.0,0.0,0.0,0,5004,-2.87,-4.02
84888,-3.28,-3.05,1.88,0.0,0.0,0.0,0,5004,-2.87,-4.14
84909,-3.07,-3.05,1.77,0.0,0.0,0.0,0,5004,-2.87,-3.97
84929,-3.07,-3.06,2.00,0.0,0.0,0.0,0,5000,-2.79,-3.97
84950,-2.91,-3.05,1.75,0.0,0.0,0.0,0,5004,-2.98,-4.06
84970,-2.65,-3.04,1.79,0.0,0.0,0.0,0,5000,-2.98,-4.06
84990,-2.91,-3.02,1.81,0.0,0.0,0.0,0,5000,-2.87,-4.02
85011,-3.14,-3.02,1.85,0.0,0.0,0.0,0,5000,-2.73,-4.06
85031,-3.14,-3.04,1.77,0.0,0.0,0.0,0,5000,-2.77,-4.02
85052,-2.94,-3.04,1.79,0.0,0.0,0.0,0,5000,-2.89,-4.06
85072,-2.76,-3.02,1.73,0.0,0.0,0.0,0,5004,-2.83,-4.02
85093,-3.20,-3.02,1.79,0.0,0.0,0.0,0,5004,-2.91,-4.04
85113,-3.34,-3.05,1.77,0.0,0.0,0.0,0,5004,-2.89,-4.10
85134,-3.38,-3.07,1.96,0.0,0.0,0.0,0,5000,-2.85,-4.00
85154,-2.92,-3.07,1.94,0.0,0.0,0.0,0,5000,-2.79,-4.04
85175,-2.66,-3.05,1.83,0.0,0.0,0.0,0,5004,-2.94,-4.08
85196,-2.79,-3.03,1.75,0.0,0.0,0.0,0,5004,-2.98,-4.08
85217,-3.14,-3.03,1.69,0.0,0.0,0.0,0,5000,-2.89,-3.95
85237,-3.12,-3.03,1.77,0.0,0.0,0.0,0,5004,-2.73,-4.10
85258,-3.36,-3.05,1.81,0.0,0.0,0.0,0,5000,-2.83,-4.08
85278,-2.93,-3.05,1.88,0.0,0.0,0.0,0,5004,-2.75,-4.08
85299,-2.84,-3.04,1.79,0.0,0.0,0.0,0,5000,-2.79,-4.06
85319,-2.90,-3.02,1.79,0.0,0.0,0.0,0,5000,-2.89,-3.97
85340,-3.21,-3.02,1.85,0.0,0.0,0.0,0,5000,-2.89,-4.12
85360,-3.11,-3.04,1.85,0.0,0.0,0.0,0,5000,-2.83,-4.06
85381,-3.03,-3.03,1.83,0.0,0.0,0.0,0,5004,-2.81,-4.02
85401,-2.70,-3.01,1.83,0.0,0.0,0.0,0,5004,-2.79,-4.06
85422,-2.95,-3.01,1.85,0.0,0.0,0.0,0,5004,-2.91,-4.02
85442,-3.13,-3.01,1.81,0.0,0.0,0.0,0,5000,-2.85,-4.14
85463,-3.07,-3.02,1.81,0.0,0.0,0.0,0,5000,-2.81,-4.16
85483,-3.02,-3.02,1.83,0.0,0.0,0.0,0,5004,-2.83,-4.04
85504,-2.79,-3.01,1.88,0.0,0.0,0.0,0,5012,-2.94,-4.08
85524,-2.91,-3.00,1.83,0.0,0.0,0.0,0,5004,-2.87,-4.04
85544,-2.96,-2.99,1.83,0.0,0.0,0.0,0,5000,-2.91,-4.00
85565,-3.06,-3.00,1.79,0.0,0.0,0.0,0,5000,-3.00,-4.06
85585,-2.93,-3.00,1.85,0.0,0.0,0.0,0,5000,-2.94,-4.00
85606,-2.82,-2.99,1.94,0.0,0.0,0.0,0,5004,-2.73,-4.08
85626,-2.88,-2.99,1.83,0.0,0.0,0.0,0,5004,-2.94,-4.06
85647,-3.12,-2.99,1.79,0.0,0.0,0.0,0,5004,-2.85,-4.06
85667,-3.03,-2.99,1.85,0.0,0.0,0.0,0,5000,-2.94,-4.18
85688,-2.81,-2.98,1.81,0.0,0.0,0.0,0,5000,-2.75,-4.10
85708,-3.16,-2.98,1.79,0.0,0.0,0.0,0,5004,-2.89,-4.12
85729,-3.00,-2.99,1.77,0.0,0.0,0.0,0,5004,-2.94,-4.12
85749,-2.92,-2.99,1.90,0.0,0.0,0.0,0,5004,-2.87,-4.12
85770,-3.24,-3.00,1.92,0.0,0.0,0.0,0,5000,-2.81,-4.12
85790,-2.94,-3.00,1.79,0.0,0.0,0.0,0,5000,-2.96,-4.08
85811,-2.83,-3.00,1.90,0.0,0.0,0.0,0,5000,-2.83,-4.00
85831,-2.95,-2.99,1.88,0.0,0.0,0.0,0,5004,-2.73,-4.00
85852,-3.23,-3.00,1.88,0.0,0.0,0.0,0,5004,-2.98,-4.04
85872,-3.19,-3.00,1.77,0.0,0.0,0.0,0,5004,-3.00,-4.10
85893,-2.95,-3.00,1.81,0.0,0.0,0.0,0,5004,-2.85,-4.10
85913,-2.81,-3.00,1.81,0.0,0.0,0.0,0,5000,-2.89,-4.02
85934,-2.93,-3.00,1.83,0.0,0.0,0.0,0,5004,-2.81,-4.02
85954,-3.03,-3.00,1.83,0.0,0.0,0.0,0,5000,-2.85,-4.04
85975,-3.20,-3.00,1.83,0.0,0.0,0.0,0,5000,-2.85,-3.93
85995,-2.87,-3.00,1.94,0.0,0.0,0.0,0,5004,-2.91,-4.12
86016,-3.10,-3.00,1.85,0.0,0.0,0.0,0,5004,-2.77,-4.12
86036,-3.17,-3.01,1.88,0.0,0.0,0.0,0,5000,-2.96,-4.08
86056,-2.95,-3.01,1.79,0.0,0.0,0.0,0,5004,-2.79,-4.06
86077,-2.85,-3.00,1.90,0.0,0.0,0.0,0,5000,-2.85,-4.00
86097,-3.21,-3.00,1.77,0.0,0.0,0.0,0,5004,-2.89,-3.89
86118,-3.03,-3.01,1.83,0.0,0.0,0.0,0,5000,-2.79,-4.00
86138,-2.91,-3.01,1.92,0.0,0.0,0.0,0,5000,-2.98,-4.06
86159,-3.06,-3.01,1.92,0.0,0.0,0.0,0,5000,-2.85,-4.12
86179,-2.86,-3.01,1.83,0.0,0.0,0.0,0,5004,-2.91,-4.02
86200,-3.17,-3.02,1.83,0.0,0.0,0.0,0,5000,-2.73,-4.08
86220,-3.24,-3.03,1.90,0.0,0.0,0.0,0,5000,-2.89,-4.02
86241,-2.96,-3.03,1.81,0.0,0.0,0.0,0,5000,-2.77,-4.02
86261,-2.81,-3.02,1.88,0.0,0.0,0.0,0,5000,-2.89,-4.08
86282,-3.00,-3.02,1.92,0.0,0.0,0.0,0,5000,-2.94,-4.08
86302,-3.08,-3.02,1.88,0.0,0.0,0.0,0,5000,-2.83,-4.08
86323,-3.03,-3.02,1.81,0.0,0.0,0.0,0,5000,-2.91,-4.00
86343,-3.02,-3.02,1.81,0.0,0.0,0.0,0,5000,-2.87,-4.06
86364,-2.98,-3.02,1.81,0.0,0.0,0.0,0,5004,-2.79,-3.93
86384,-3.08,-3.02,1.79,0.0,0.0,0.0,0,5004,-2.83,-3.97
86405,-3.10,-3.02,1.90,0.0,0.0,0.0,0,5000,-2.77,-4.06
86425,-2.99,-3.03,1.77,0.0,0.0,0.0,0,5000,-2.81,-4.02
86447,-2.84,-3.03,1.81,0.0,0.0,0.0,0,5000,-2.81,-4.06
86467,-3.01,-3.03,1.83,0.0,0.0,0.0,0,5004,-2.91,-4.06
86488,-3.01,-3.03,1.88,0.0,0.0,0.0,0,5000,-2.89,-4.04
86508,-3.15,-3.03,1.83,0.0,0.0,0.0,0,5004,-2.85,-4.12
86529,-3.00,-3.04,1.90,0.0,0.0,0.0,0,5000,-2.79,-4.02
86549,-2.88,-3.03,1.77,0.0,0.0,0.0,0,5004,-2.81,-4.06
86569,-3.05,-3.02,1.81,0.0,0.0,0.0,0,5000,-2.79,-3.97
86590,-3.10,-3.01,1.88,0.0,0.0,0.0,0,5000,-2.89,-4.02
86610,-3.03,-3.02,1.94,0.0,0.0,0.0,0,5004,-2.85,-4.04
86631,-3.09,-3.01,1.81,0.0,0.0,0.0,0,5000,-2.75,-4.16
86651,-2.97,-3.01,1.90,0.0,0.0,0.0,0,5004,-2.77,-4.00
86672,-3.08,-3.00,1.94,0.0,0.0,0.0,0,5004,-2.89,-4.08
86692,-3.01,-3.00,1.85,0.0,0.0,0.0,0,5004,-2.75,-4.14
86713,-3.11,-3.01,1.85,0.0,0.0,0.0,0,5004,-2.85,-4.22
86733,-2.88,-3.01,1.69,0.0,0.0,0.0,0,5004,-2.77,-4.04
86754,-3.09,-3.01,1.77,0.0,0.0,0.0,0,5000,-2.83,-4.12
86774,-3.06,-3.01,1.81,0.0,0.0,0.0,0,5000,-2.83,-4.06
86795,-2.95,-3.01,1.83,0.0,0.0,0.0,0,5000,-2.98,-4.12
86815,-3.17,-3.01,1.81,0.0,0.0,0.0,0,5000,-2.79,-4.08
86836,-3.12,-3.02,1.92,0.0,0.0,0.0,0,5004,-2.83,-4.08
86856,-2.99,-3.02,1.90,0.0,0.0,0.0,0,5004,-2.87,-4.04
86877,-2.86,-3.01,1.83,0.0,0.0,0.0,0,5000,-2.83,-4.02
86897,-2.87,-2.99,1.92,0.0,0.0,0.0,0,5004,-2.89,-4.06
86918,-3.07,-3.00,1.83,0.0,0.0,0.0,0,5004,-3.00,-4.08
86938,-3.06,-3.01,1.77,0.0,0.0,0.0,0,5000,-2.94,-4.02
86959,-3.19,-3.02,1.81,0.0,0.0,0.0,0,5000,-2.87,-4.04
86979,-2.94,-3.02,1.83,0.0,0.0,0.0,0,5000,-2.79,-4.04
87000,-3.12,-3.02,1.88,0.0,0.0,0.0,0,5004,-2.79,-4.00
87020,-2.99,-3.02,1.83,0.0,0.0,0.0,0,5004,-2.83,-4.14
87041,-3.22,-3.02,1.83,0.0,0.0,0.0,0,5000,-2.87,-4.04
87061,-2.98,-3.02,1.83,0.0,0.0,0.0,0,5000,-2.83,-4.06
87081,-2.89,-3.01,1.81,0.0,0.0,0.0,0,5004,-2.89,-4.00
87102,-2.88,-3.01,1.75,0.0,0.0,0.0,0,5000,-2.79,-4.08
87122,-3.10,-3.00,1.83,0.0,0.0,0.0,0,5000,-2.87,-3.97
87143,-3.12,-3.02,1.83,0.0,0.0,0.0,0,5004,-2.89,-4.04
87163,-3.08,-3.03,1.85,0.0,0.0,0.0,0,5004,-2.94,-4.04
87184,-2.89,-3.02,1.77,0.0,0.0,0.0,0,5000,-2.85,-4.06
87204,-2.92,-3.01,1.83,0.0,0.0,0.0,0,5004,-2.81,-4.04
87225,-3.01,-3.01,1.92,0.0,0.0,0.0,0,5000,-2.83,-4.12
87245,-3.00,-3.00,1.83,0.0,0.0,0.0,0,5000,-2.87,-4.12
87266,-3.10,-3.01,1.77,0.0,0.0,0.0,0,5000,-2.94,-4.06
87286,-2.92,-3.01,1.88,0.0,0.0,0.0,0,5000,-2.83,-4.06
87307,-3.04,-3.00,1.81,0.0,0.0,0.0,0,5000,-2.89,-4.02
87327,-2.98,-3.00,1.85,0.0,0.0,0.0,0,5004,-2.87,-3.97
87348,-2.90,-3.00,1.77,0.0,0.0,0.0,0,5000,-2.94,-4.10
87368,-3.01,-3.00,1.83,0.0,0.0,0.0,0,5000,-2.83,-4.00
87389,-2.95,-2.99,1.85,0.0,0.0,0.0,0,5000,-2.89,-4.08
87409,-3.01,-3.00,1.85,0.0,0.0,0.0,0,5004,-2.87,-4.12
87430,-3.04,-2.99,1.81,0.0,0.0,0.0,0,5000,-2.96,-4.18
87450,-3.00,-2.99,1.83,0.0,0.0,0.0,0,5000,-2.83,-4.10
87471,-3.02,-2.99,1.75,0.0,0.0,0.0,0,5000,-2.83,-4.10
87491,-2.91,-2.99,1.92,0.0,0.0,0.0,0,5004,-2.73,-4.00
87512,-2.99,-2.99,1.77,0.0,0.0,0.0,0,5000,-2.87,-4.16
87532,-2.86,-2.99,1.79,0.0,0.0,0.0,0,5000,-2.94,-4.12
87553,-3.08,-2.99,1.75,0.0,0.0,0.0,0,5004,-2.94,-3.97
87573,-2.99,-3.00,1.79,0.0,0.0,0.0,0,5004,-2.81,-4.06
87593,-3.17,-3.00,1.96,0.0,0.0,0.0,0,5000,-2.98,-4.04
87615,-3.16,-3.00,1.94,0.0,0.0,0.0,0,5004,-2.85,-4.04
87635,-2.82,-3.00,1.92,0.0,0.0,0.0,0,5004,-2.79,-4.02
87656,-2.91,-2.99,1.77,0.0,0.0,0.0,0,5000,-2.91,-4.08
87676,-3.04,-2.99,1.79,0.0,0.0,0.0,0,5000,-2.91,-4.02
87697,-3.02,-3.00,1.88,0.0,0.0,0.0,0,5004,-2.87,-4.06
87717,-2.96,-3.01,1.90,0.0,0.0,0.0,0,5004,-2.87,-4.08
87738,-3.15,-3.02,1.88,0.0,0.0,0.0,0,5004,-2.83,-4.18
87758,-2.80,-3.01,1.77,0.0,0.0,0.0,0,5004,-2.91,-4.14
87779,-2.94,-3.00,1.73,0.0,0.0,0.0,0,5004,-2.89,-4.12
87799,-3.03,-3.00,1.85,0.0,0.0,0.0,0,5000,-2.91,-4.10
87820,-3.04,-3.00,1.83,0.0,0.0,0.0,0,5004,-2.83,-4.10
87840,-3.09,-3.00,1.85,0.0,0.0,0.0,0,5004,-2.91,-4.10
87861,-3.06,-3.00,1.94,0.0,0.0,0.0,0,5004,-2.73,-4.06
87881,-2.81,-2.99,1.90,0.0,0.0,0.0,0,5000,-2.87,-4.06
87902,-3.03,-2.98,1.81,0.0,0.0,0.0,0,5004,-2.85,-4.00
87922,-2.92,-2.98,1.94,0.0,0.0,0.0,0,5000,-2.85,-4.06
87943,-3.16,-2.98,1.90,0.0,0.0,0.0,0,5008,-2.91,-4.04
87963,-2.89,-2.98,1.81,0.0,0.0,0.0,0,5000,-2.83,-4.12
87984,-3.05,-2.98,1.83,0.0,0.0,0.0,0,5000,-2.83,-4.12
88004,-3.02,-2.98,1.79,0.0,0.0,0.0,0,5000,-2.83,-4.04
88025,-3.19,-2.99,1.81,0.0,0.0,0.0,0,5000,-2.87,-4.12
88045,-2.96,-2.99,1.81,0.0,0.0,0.0,0,5004,-2.96,-4.10
88066,-2.93,-2.98,1.79,0.0,0.0,0.0,0,5000,-2.83,-4.08
88086,-3.00,-2.98,1.94,0.0,0.0,0.0,0,5000,-2.85,-4.10
88107,-3.00,-2.98,1.79,0.0,0.0,0.0,0,5004,-2.87,-4.04
88127,-2.97,-2.98,1.75,0.0,0.0,0.0,0,5004,-2.94,-4.04
88147,-3.05,-2.99,1.79,0.0,0.0,0.0,0,5004,-2.81,-4.14
88168,-2.88,-2.99,1.77,0.0,0.0,0.0,0,5004,-2.83,-4.06
88188,-2.74,-2.98,1.88,0.0,0.0,0.0,0,5004,-2.71,-4.06
88209,-3.15,-2.98,1.85,0.0,0.0,0.0,0,5004,-2.96,-4.02
88229,-2.96,-2.99,1.77,0.0,0.0,0.0,0,5000,-2.89,-4.06
88250,-3.14,-2.99,1.85,0.0,0.0,0.0,0,5004,-2.85,-4.00
88270,-2.98,-2.99,1.92,0.0,0.0,0.0,0,5000,-2.94,-4.08
88291,-3.08,-3.00,1.90,0.0,0.0,0.0,0,5004,-2.89,-4.04
88311,-3.03,-2.99,1.83,0.0,0.0,0.0,0,5000,-2.81,-4.04
88332,-2.95,-2.98,1.83,0.0,0.0,0.0,0,5000,-2.85,-4.00
88352,-2.96,-2.99,1.88,0.0,0.0,0.0,0,5000,-2.89,-3.89
88373,-2.97,-2.99,1.94,0.0,0.0,0.0,0,5004,-2.87,-4.12
88393,-2.88,-2.98,1.90,0.0,0.0,0.0,0,5000,-2.79,-4.00
88414,-3.15,-2.98,1.75,0.0,0.0,0.0,0,5000,-2.83,-4.18
88434,-3.01,-2.98,1.90,0.0,0.0,0.0,0,5004,-2.79,-4.04
88455,-2.93,-2.98,1.81,0.0,0.0,0.0,0,5000,-2.87,-4.22
88475,-2.92,-2.98,1.83,0.0,0.0,0.0,0,5004,-2.81,-4.02
88496,-3.01,-2.98,1.77,0.0,0.0,0.0,0,5004,-2.96,-4.04
88517,-3.21,-2.99,1.85,0.0,0.0,0.0,0,5000,-2.87,-4.00
88538,-2.93,-2.99,1.79,0.0,0.0,0.0,0,5000,-2.85,-4.00
88558,-2.96,-3.00,1.81,0.0,0.0,0.0,0,5000,-2.87,-4.00
88579,-3.00,-2.99,1.71,0.0,0.0,0.0,0,5000,-2.91,-4.10
88599,-2.99,-2.99,1.81,0.0,0.0,0.0,0,5004,-2.91,-4.04
88620,-2.89,-2.98,1.79,0.0,0.0,0.0,0,5004,-2.81,-4.12
88640,-3.06,-2.99,1.94,0.0,0.0,0.0,0,5000,-2.91,-4.06
88660,-3.10,-2.99,1.83,0.0,0.0,0.0,0,5000,-2.85,-4.04
88681,-2.89,-2.99,1.90,0.0,0.0,0.0,0,5000,-2.85,-4.02
88701,-2.82,-2.98,1.83,0.0,0.0,0.0,0,5000,-2.81,-4.00
88722,-2.95,-2.98,1.85,0.0,0.0,0.0,0,5000,-2.87,-4.02
88742,-3.04,-2.98,1.77,0.0,0.0,0.0,0,5000,-2.83,-4.06
88763,-3.07,-2.99,1.81,0.0,0.0,0.0,0,5000,-2.81,-4.16
88783,-3.11,-2.99,1.85,0.0,0.0,0.0,0,5004,-2.83,-4.04
88804,-2.84,-2.98,1.88,0.0,0.0,0.0,0,5000,-2.85,-4.14
88824,-2.80,-2.98,1.83,0.0,0.0,0.0,0,5000,-2.81,-4.16
88845,-2.84,-2.98,1.85,0.0,0.0,0.0,0,5000,-2.91,-4.06
88865,-2.96,-2.97,1.85,0.0,0.0,0.0,0,5000,-2.83,-4.00
88886,-3.12,-2.98,1.81,0.0,0.0,0.0,0,5000,-2.91,-4.08
88906,-2.87,-2.97,1.83,0.0,0.0,0.0,0,5004,-2.87,-4.06
88927,-3.02,-2.98,1.92,0.0,0.0,0.0,0,5000,-2.77,-4.18
88947,-2.94,-2.98,1.92,0.0,0.0,0.0,0,5004,-2.81,-4.02
88968,-3.01,-2.98,1.96,0.0,0.0,0.0,0,5000,-2.96,-4.06
88988,-2.97,-2.97,1.85,0.0,0.0,0.0,0,5000,-2.77,-3.97
89009,-2.87,-2.97,1.81,0.0,0.0,0.0,0,5000,-2.91,-4.04
89029,-2.99,-2.97,1.85,0.0,0.0,0.0,0,5000,-2.81,-4.00
89050,-3.00,-2.98,1.88,0.0,0.0,0.0,0,5004,-2.85,-4.08
89070,-2.96,-2.98,1.81,0.0,0.0,0.0,0,5004,-2.81,-4.10
89091,-2.67,-2.97,1.83,0.0,0.0,0.0,0,5000,-2.85,-4.14
89111,-2.95,-2.96,1.77,0.0,0.0,0.0,0,5000,-2.79,-3.91
89132,-2.99,-2.96,1.88,0.0,0.0,0.0,0,5004,-2.94,-4.12
89152,-3.03,-2.96,1.92,0.0,0.0,0.0,0,5000,-2.87,-4.06
89172,-3.10,-2.97,1.88,0.0,0.0,0.0,0,5004,-2.75,-4.08
89193,-3.05,-2.97,1.85,0.0,0.0,0.0,0,5000,-2.89,-4.04
89213,-2.75,-2.96,1.81,0.0,0.0,0.0,0,5000,-2.83,-4.08
89234,-2.70,-2.96,1.90,0.0,0.0,0.0,0,5000,-2.83,-3.97
89254,-2.98,-2.96,1.85,0.0,0.0,0.0,0,5004,-3.00,-4.02
89275,-2.99,-2.96,1.92,0.0,0.0,0.0,0,5000,-3.02,-4.04
89295,-2.90,-2.96,1.81,0.0,0.0,0.0,0,5000,-2.73,-4.08
89316,-2.86,-2.95,1.96,0.0,0.0,0.0,0,5000,-2.83,-4.06
89336,-2.94,-2.95,1.77,0.0,0.0,0.0,0,5004,-2.89,-4.04
89357,-3.02,-2.95,1.85,0.0,0.0,0.0,0,5000,-2.83,-4.08
89377,-2.94,-2.95,1.79,0.0,0.0,0.0,0,5000,-2.79,-4.00
89398,-3.17,-2.97,1.77,0.0,0.0,0.0,0,5004,-2.87,-4.16
89419,-3.09,-2.97,1.83,0.0,0.0,0.0,0,5004,-2.79,-4.02
89440,-2.87,-2.97,1.83,0.0,0.0,0.0,0,5000,-3.00,-4.02
89460,-2.95,-2.97,1.94,0.0,0.0,0.0,0,5004,-2.81,-4.08
89481,-3.02,-2.97,1.96,0.0,0.0,0.0,0,5000,-2.89,-4.06
89501,-2.93,-2.97,1.77,0.0,0.0,0.0,0,5004,-2.79,-4.06
89522,-3.37,-2.98,1.92,0.0,0.0,0.0,0,5000,-2.81,-4.02
89542,-2.93,-2.97,1.96,0.0,0.0,0.0,0,5004,-2.85,-3.97
89563,-2.97,-2.98,1.73,0.0,0.0,0.0,0,5004,-2.83,-4.10
89583,-3.01,-2.98,1.90,0.0,0.0,0.0,0,5004,-2.83,-4.02
89604,-3.05,-2.98,1.85,0.0,0.0,0.0,0,5000,-2.85,-4.08
89624,-2.96,-2.98,1.83,0.0,0.0,0.0,0,5004,-2.96,-4.08
89645,-2.94,-2.99,1.90,0.0,0.0,0.0,0,5004,-2.85,-3.89
89665,-2.99,-2.99,1.88,0.0,0.0,0.0,0,5004,-2.85,-4.06
89686,-3.15,-3.00,1.73,0.0,0.0,0.0,0,5004,-2.89,-4.06
89706,-3.17,-3.01,1.92,0.0,0.0,0.0,0,5000,-2.94,-4.00
89726,-2.89,-3.01,1.83,0.0,0.0,0.0,0,5000,-2.87,-4.10
89747,-2.91,-3.00,1.85,0.0,0.0,0.0,0,5000,-2.87,-3.97
89767,-3.03,-3.00,1.85,0.0,0.0,0.0,0,5004,-2.91,-4.00
89788,-3.01,-2.99,1.90,0.0,0.0,0.0,0,5000,-3.00,-4.16
89808,-2.71,-2.97,1.75,0.0,0.0,0.0,0,5000,-2.77,-4.08
89829,-3.01,-2.98,1.77,0.0,0.0,0.0,0,5000,-2.83,-4.02
89849,-2.87,-2.97,1.92,0.0,0.0,0.0,0,5004,-2.96,-4.10
89870,-2.94,-2.97,1.98,0.0,0.0,0.0,0,5004,-2.79,-4.04
89890,-2.80,-2.97,1.85,0.0,0.0,0.0,0,5004,-2.91,-4.06
89911,-2.99,-2.97,1.79,0.0,0.0,0.0,0,5004,-2.85,-4.10
89931,-3.08,-2.98,1.88,0.0,0.0,0.0,0,5004,-2.89,-4.06
89952,-2.79,-2.98,1.85,0.0,0.0,0.0,0,5000,-2.83,-4.06
89972,-2.92,-2.98,1.88,0.0,0.0,0.0,0,5004,-2.83,-4.14
89993,-2.87,-2.97,1.92,0.0,0.0,0.0,0,5004,-2.85,-4.04
90013,-3.06,-2.97,1.83,0.0,0.0,0.0,0,5004,-2.98,-4.04
90034,-2.85,-2.96,1.88,0.0,0.0,0.0,0,5000,-2.85,-4.06
90054,-2.87,-2.96,1.77,0.0,0.0,0.0,0,5004,-2.81,-3.97
90075,-2.88,-2.95,1.88,0.0,0.0,0.0,0,5004,-2.87,-4.04
90095,-3.02,-2.96,1.83,0.0,0.0,0.0,0,5004,-2.87,-4.06
90116,-3.16,-2.96,1.90,0.0,0.0,0.0,0,5000,-2.91,-3.97
90136,-3.00,-2.97,1.88,0.0,0.0,0.0,0,5000,-2.77,-4.08
90157,-2.93,-2.97,1.85,0.0,0.0,0.0,0,5000,-2.85,-3.95
90177,-2.82,-2.97,1.79,0.0,0.0,0.0,0,5004,-2.87,-4.00
90198,-3.01,-2.97,1.83,0.0,0.0,0.0,0,5000,-2.91,-4.08
90218,-3.08,-2.97,1.75,0.0,0.0,0.0,0,5000,-2.79,-4.04
90238,-2.92,-2.97,1.83,0.0,0.0,0.0,0,5004,-2.81,-4.04
90259,-2.79,-2.97,1.88,0.0,0.0,0.0,0,5000,-2.81,-4.06
90279,-3.02,-2.97,1.85,0.0,0.0,0.0,0,5000,-2.98,-4.06
90300,-2.90,-2.97,1.81,0.0,0.0,0.0,0,5000,-2.89,-4.00
90320,-3.04,-2.97,1.85,0.0,0.0,0.0,0,5004,-2.98,-4.04
90341,-2.83,-2.97,1.69,0.0,0.0,0.0,0,5004,-2.83,-4.08
90362,-2.99,-2.97,1.83,0.0,0.0,0.0,0,5000,-2.94,-4.18
90383,-2.82,-2.97,1.81,0.0,0.0,0.0,0,5004,-2.94,-4.08
90403,-2.95,-2.96,1.77,0.0,0.0,0.0,0,5004,-2.81,-4.10
90424,-3.04,-2.98,1.90,0.0,0.0,0.0,0,5004,-2.91,-4.06
90444,-2.95,-2.98,1.85,0.0,0.0,0.0,0,5000,-2.79,-4.10
90465,-3.02,-2.98,1.83,0.0,0.0,0.0,0,5004,-2.83,-4.12
90485,-3.05,-2.98,1.73,0.0,0.0,0.0,0,5000,-2.89,-4.12
90506,-3.12,-2.98,1.79,0.0,0.0,0.0,0,5000,-2.87,-4.02
90526,-3.04,-2.99,1.75,0.0,0.0,0.0,0,5004,-2.79,-4.02
90547,-3.07,-2.98,1.81,0.0,0.0,0.0,0,5000,-2.77,-4.10
90567,-2.86,-2.98,1.77,0.0,0.0,0.0,0,5004,-2.94,-4.12
90588,-2.90,-2.99,1.79,0.0,0.0,0.0,0,5004,-3.00,-4.00
90608,-3.10,-2.99,1.83,0.0,0.0,0.0,0,5004,-2.89,-4.04
90629,-2.98,-3.00,1.81,0.0,0.0,0.0,0,5004,-2.77,-4.10
90649,-2.81,-2.99,1.79,0.0,0.0,0.0,0,5000,-2.85,-4.14
90670,-2.93,-2.99,1.88,0.0,0.0,0.0,0,5004,-2.85,-4.06
90690,-2.82,-2.99,1.88,0.0,0.0,0.0,0,5004,-2.67,-4.00
90711,-3.00,-3.00,1.85,0.0,0.0,0.0,0,5000,-2.91,-4.02
90731,-3.03,-3.00,1.85,0.0,0.0,0.0,0,5004,-2.94,-4.12
90752,-3.00,-2.99,1.90,0.0,0.0,0.0,0,5000,-2.96,-4.10
90772,-2.88,-2.99,1.85,0.0,0.0,0.0,0,5004,-2.91,-4.10
90792,-3.13,-2.99,1.81,0.0,0.0,0.0,0,5004,-2.83,-4.10
90813,-2.92,-2.99,1.88,0.0,0.0,0.0,0,5000,-2.89,-3.97
90833,-2.96,-2.98,1.90,0.0,0.0,0.0,0,5004,-2.94,-4.12
90854,-3.06,-2.98,1.85,0.0,0.0,0.0,0,5004,-2.87,-4.04
90874,-2.84,-2.98,1.88,0.0,0.0,0.0,0,5000,-2.87,-4.14
90895,-2.85,-2.97,1.83,0.0,0.0,0.0,0,5000,-2.79,-4.04
90915,-2.98,-2.97,1.85,0.0,0.0,0.0,0,5000,-2.85,-4.16
90936,-3.17,-2.97,1.85,0.0,0.0,0.0,0,5000,-2.94,-3.97
90956,-2.98,-2.98,1.71,0.0,0.0,0.0,0,5004,-2.81,-4.08
90977,-2.95,-2.98,1.81,0.0,0.0,0.0,0,5004,-2.87,-4.00
90997,-2.89,-2.98,1.83,0.0,0.0,0.0,0,5000,-2.91,-4.10
91018,-2.93,-2.97,1.94,0.0,0.0,0.0,0,5000,-2.91,-4.12
91038,-3.05,-2.99,1.79,0.0,0.0,0.0,0,5004,-2.87,-4.02
91059,-2.96,-2.99,1.83,0.0,0.0,0.0,0,5000,-2.81,-4.12
91079,-3.07,-2.99,1.73,0.0,0.0,0.0,0,5004,-2.91,-4.04
91100,-2.76,-3.00,1.85,0.0,0.0,0.0,0,5000,-3.00,-4.00
91120,-3.01,-2.99,1.96,0.0,0.0,0.0,0,5000,-2.87,-4.04
91141,-2.92,-2.99,1.79,0.0,0.0,0.0,0,5000,-2.83,-4.04
91161,-2.94,-2.99,1.88,0.0,0.0,0.0,0,5000,-2.96,-4.04
91182,-2.94,-2.99,1.75,0.0,0.0,0.0,0,5004,-2.89,-4.02
91202,-3.09,-2.99,1.83,0.0,0.0,0.0,0,5004,-2.79,-4.04
91223,-2.84,-2.99,1.77,0.0,0.0,0.0,0,5004,-2.89,-4.06
91244,-2.89,-2.98,1.81,0.0,0.0,0.0,0,5000,-2.87,-4.12
91265,-2.92,-2.98,1.79,0.0,0.0,0.0,0,5000,-2.94,-3.95
91285,-2.99,-2.98,1.69,0.0,0.0,0.0,0,5004,-2.96,-4.02
91305,-2.98,-2.98,1.75,0.0,0.0,0.0,0,5004,-2.89,-4.06
91326,-2.93,-2.98,1.71,0.0,0.0,0.0,0,5000,-2.94,-4.04
91346,-3.07,-2.98,1.85,0.0,0.0,0.0,0,5004,-2.83,-4.08
91367,-3.09,-2.99,1.83,0.0,0.0,0.0,0,5000,-2.83,-4.06
91387,-3.03,-2.99,1.92,0.0,0.0,0.0,0,5000,-2.98,-4.00
91408,-2.96,-2.98,1.92,0.0,0.0,0.0,0,5004,-2.91,-4.02
91428,-2.98,-2.98,1.83,0.0,0.0,0.0,0,5000,-2.87,-4.08
91449,-3.02,-2.99,1.77,0.0,0.0,0.0,0,5004,-2.89,-4.10
91469,-2.88,-2.99,1.79,0.0,0.0,0.0,0,5000,-2.94,-4.08
91490,-2.99,-2.99,1.83,0.0,0.0,0.0,0,5000,-2.85,-4.08
91510,-2.74,-2.97,1.85,0.0,0.0,0.0,0,5004,-2.79,-4.06
91531,-3.06,-2.98,1.88,0.0,0.0,0.0,0,5004,-2.81,-4.04
91551,-3.08,-2.98,1.81,0.0,0.0,0.0,0,5000,-2.87,-4.08
91572,-3.03,-2.99,1.77,0.0,0.0,0.0,0,5000,-2.81,-4.08
91592,-2.93,-2.99,1.88,0.0,0.0,0.0,0,5000,-2.75,-4.04
91613,-2.81,-2.98,1.79,0.0,0.0,0.0,0,5000,-2.96,-4.12
91633,-3.03,-2.97,1.88,0.0,0.0,0.0,0,5004,-2.81,-4.08
91654,-3.05,-2.98,1.77,0.0,0.0,0.0,0,5000,-2.83,-4.16
91674,-3.12,-2.99,1.85,0.0,0.0,0.0,0,5004,-3.00,-4.04
91695,-2.93,-2.99,1.83,0.0,0.0,0.0,0,5004,-2.98,-4.02
91715,-2.76,-2.98,1.77,0.0,0.0,0.0,0,5004,-3.02,-3.97
91736,-2.87,-2.97,1.77,0.0,0.0,0.0,0,5000,-2.89,-4.02
91756,-2.84,-2.97,1.75,0.0,0.0,0.0,0,5000,-2.91,-4.10
91777,-3.04,-2.98,1.83,0.0,0.0,0.0,0,5004,-2.81,-4.16
91797,-3.11,-2.98,1.81,0.0,0.0,0.0,0,5000,-2.83,-4.14
91817,-2.94,-2.98,1.83,0.0,0.0,0.0,0,5004,-2.85,-4.04
91838,-2.82,-2.97,1.81,0.0,0.0,0.0,0,5000,-2.79,-4.02
91858,-2.93,-2.97,1.79,0.0,0.0,0.0,0,5004,-2.77,-4.04
91879,-3.06,-2.98,1.79,0.0,0.0,0.0,0,5000,-2.94,-4.06
91899,-2.96,-2.99,1.92,0.0,0.0,0.0,0,5000,-2.91,-4.02
91920,-2.84,-2.98,1.88,0.0,0.0,0.0,0,5000,-2.85,-4.00
91940,-2.86,-2.97,1.75,0.0,0.0,0.0,0,5000,-2.79,-4.00
91961,-3.00,-2.97,1.71,0.0,0.0,0.0,0,5004,-2.87,-3.95
91981,-3.14,-2.98,1.94,0.0,0.0,0.0,0,5000,-2.83,-4.12
92003,-3.02,-2.98,1.79,0.0,0.0,0.0,0,5000,-2.96,-3.97
92023,-2.97,-2.99,1.83,0.0,0.0,0.0,0,5004,-2.81,-4.22
92044,-2.79,-2.97,1.85,0.0,0.0,0.0,0,5004,-2.79,-4.10
92064,-3.00,-2.97,1.81,0.0,0.0,0.0,0,5000,-2.75,-4.06
92085,-3.03,-2.97,1.88,0.0,0.0,0.0,0,5000,-2.89,-4.14
92105,-2.89,-2.97,1.85,0.0,0.0,0.0,0,5004,-2.87,-4.08
92126,-3.14,-2.97,1.75,0.0,0.0,0.0,0,5004,-2.98,-4.02
92146,-3.17,-2.98,1.85,0.0,0.0,0.0,0,5004,-2.89,-4.08
92167,-3.07,-2.98,1.90,0.0,0.0,0.0,0,5004,-2.83,-4.08
92187,-2.95,-2.98,1.75,0.0,0.0,0.0,0,5004,-2.91,-4.04
92208,-2.95,-2.98,1.77,0.0,0.0,0.0,0,5004,-2.91,-4.04
92228,-3.00,-2.97,1.90,0.0,0.0,0.0,0,5004,-2.83,-4.04
92249,-3.04,-2.97,1.92,0.0,0.0,0.0,0,5004,-2.87,-4.08
92269,-2.83,-2.96,1.77,0.0,0.0,0.0,0,5004,-2.89,-4.04
92290,-3.03,-2.96,1.79,0.0,0.0,0.0,0,5000,-2.89,-4.08
92310,-2.91,-2.96,1.83,0.0,0.0,0.0,0,5004,-2.87,-4.00
92331,-2.88,-2.96,1.85,0.0,0.0,0.0,0,5000,-2.87,-4.06
92351,-2.98,-2.96,1.92,0.0,0.0,0.0,0,5004,-2.83,-4.00
92371,-2.72,-2.94,1.81,0.0,0.0,0.0,0,5000,-2.85,-4.08
92392,-3.04,-2.95,1.83,0.0,0.0,0.0,0,5000,-2.94,-4.00
92412,-2.97,-2.95,1.85,0.0,0.0,0.0,0,5000,-2.83,-4.08
92433,-3.11,-2.95,1.88,0.0,0.0,0.0,0,5000,-2.87,-4.10
92453,-2.82,-2.95,1.77,0.0,0.0,0.0,0,5004,-2.96,-4.04
92474,-2.89,-2.94,1.85,0.0,0.0,0.0,0,5000,-2.91,-4.06
92494,-2.85,-2.94,1.81,0.0,0.0,0.0,0,5004,-2.91,-4.04
92515,-2.94,-2.93,1.83,0.0,0.0,0.0,0,5004,-2.96,-4.06
92535,-2.85,-2.93,1.88,0.0,0.0,0.0,0,5000,-2.89,-4.18
92556,-2.78,-2.93,1.85,0.0,0.0,0.0,0,5000,-2.87,-4.10
92576,-2.72,-2.92,1.83,0.0,0.0,0.0,0,5004,-2.94,-4.06
92597,-2.95,-2.92,1.77,0.0,0.0,0.0,0,5004,-2.89,-4.10
92617,-3.15,-2.93,1.81,0.0,0.0,0.0,0,5004,-2.91,-4.10
92638,-3.00,-2.93,1.83,0.0,0.0,0.0,0,5000,-2.87,-4.02
92658,-3.09,-2.94,1.77,0.0,0.0,0.0,0,5004,-2.83,-4.02
92679,-2.95,-2.95,1.94,0.0,0.0,0.0,0,5004,-2.81,-4.08
92699,-3.03,-2.94,1.79,0.0,0.0,0.0,0,5000,-2.81,-4.16
92720,-2.97,-2.94,1.75,0.0,0.0,0.0,0,5000,-2.87,-4.02
92740,-2.79,-2.94,1.88,0.0,0.0,0.0,0,5004,-2.89,-4.12
92761,-2.91,-2.94,1.83,0.0,0.0,0.0,0,5000,-2.83,-3.93
92781,-2.85,-2.93,1.83,0.0,0.0,0.0,0,5000,-2.87,-4.10
92802,-2.96,-2.93,1.79,0.0,0.0,0.0,0,5000,-2.89,-4.00
92823,-3.03,-2.93,1.83,0.0,0.0,0.0,0,5004,-2.77,-4.02
92844,-3.03,-2.94,2.04,0.0,0.0,0.0,0,5000,-2.79,-4.12
92864,-2.98,-2.94,1.83,0.0,0.0,0.0,0,5004,-3.08,-4.10
92884,-2.82,-2.93,1.85,0.0,0.0,0.0,0,5004,-2.85,-4.08
92905,-2.80,-2.91,1.75,0.0,0.0,0.0,0,5004,-2.87,-4.04
92925,-3.12,-2.91,1.85,0.0,0.0,0.0,0,5000,-2.94,-4.00
92946,-3.14,-2.92,1.88,0.0,0.0,0.0,0,5000,-2.89,-4.12
92966,-3.02,-2.93,1.94,0.0,0.0,0.0,0,5004,-3.02,-4.02
92987,-2.92,-2.93,1.83,0.0,0.0,0.0,0,5004,-2.89,-3.97
93007,-2.65,-2.91,1.79,0.0,0.0,0.0,0,5000,-2.87,-4.12
93028,-3.11,-2.92,1.90,0.0,0.0,0.0,0,5000,-2.89,-4.06
93048,-3.06,-2.93,1.75,0.0,0.0,0.0,0,5004,-2.77,-4.18
93069,-3.15,-2.94,1.94,0.0,0.0,0.0,0,5000,-2.83,-4.06
93089,-2.95,-2.95,1.90,0.0,0.0,0.0,0,5004,-2.87,-4.02
93110,-2.75,-2.94,1.81,0.0,0.0,0.0,0,5004,-2.94,-4.12
93130,-3.09,-2.94,1.75,0.0,0.0,0.0,0,5000,-2.89,-4.10
93151,-2.97,-2.95,1.75,0.0,0.0,0.0,0,5000,-3.00,-4.12
93171,-3.13,-2.95,1.90,0.0,0.0,0.0,0,5000,-2.89,-4.16
93192,-3.00,-2.95,1.88,0.0,0.0,0.0,0,5000,-2.89,-4.00
93212,-2.79,-2.94,1.92,0.0,0.0,0.0,0,5000,-2.91,-4.04
93233,-3.07,-2.94,1.90,0.0,0.0,0.0,0,5000,-2.85,-4.04
93253,-3.02,-2.95,1.85,0.0,0.0,0.0,0,5000,-2.85,-4.08
93274,-2.98,-2.95,1.92,0.0,0.0,0.0,0,5000,-2.75,-4.04
93294,-3.09,-2.95,1.83,0.0,0.0,0.0,0,5004,-2.83,-4.06
93315,-3.18,-2.96,1.92,0.0,0.0,0.0,0,5004,-2.77,-4.14
93335,-2.89,-2.95,1.81,0.0,0.0,0.0,0,5004,-2.91,-3.95
93356,-3.00,-2.95,1.83,0.0,0.0,0.0,0,5000,-2.96,-4.04
93376,-3.13,-2.97,1.83,0.0,0.0,0.0,0,5004,-2.91,-4.14
93396,-3.15,-2.97,1.94,0.0,0.0,0.0,0,5000,-2.81,-4.14
93417,-3.09,-2.97,1.90,0.0,0.0,0.0,0,5000,-2.69,-4.02
93437,-2.97,-2.96,1.85,0.0,0.0,0.0,0,5004,-2.79,-4.00
93458,-3.16,-2.96,1.85,0.0,0.0,0.0,0,5004,-2.79,-4.06
93478,-2.91,-2.97,1.83,0.0,0.0,0.0,0,5004,-3.02,-4.12
93499,-2.89,-2.97,1.71,0.0,0.0,0.0,0,5004,-2.85,-4.10
93519,-2.58,-2.96,2.43,0.0,0.0,0.0,0,5004,-2.38,-4.06
93540,-2.88,-2.94,1.53,0.0,0.0,0.0,0,5000,-3.42,-4.06
93560,-2.75,-2.93,1.83,0.0,0.0,0.0,0,5004,-3.18,-3.97
93581,-3.12,-2.93,1.81,0.0,0.0,0.0,0,5000,-2.61,-4.00
93601,-3.20,-2.94,2.04,0.0,0.0,0.0,0,5000,-2.41,-4.20
93622,-3.04,-2.95,1.63,0.0,0.0,0.0,0,5000,-3.36,-4.08
93642,-2.37,-2.94,1.96,0.0,0.0,0.0,0,5000,-2.65,-4.08
93663,-2.88,-2.93,1.90,0.0,0.0,0.0,0,5004,-2.75,-3.93
93683,-2.61,-2.92,1.79,0.0,0.0,0.0,0,5000,-3.24,-4.06
93705,-2.84,-2.92,1.90,0.0,0.0,0.0,0,5004,-3.08,-4.04
93725,-2.84,-2.90,1.85,0.0,0.0,0.0,0,5000,-2.83,-4.00
93746,-3.25,-2.91,1.94,0.0,0.0,0.0,0,5004,-2.51,-4.04
93766,-2.69,-2.92,1.32,0.0,0.0,0.0,0,5004,-3.22,-4.08
93787,-3.20,-2.93,1.88,0.0,0.0,0.0,0,5004,-2.73,-4.04
93807,-2.54,-2.92,1.69,0.0,0.0,0.0,0,5000,-3.06,-4.06
93828,-2.61,-2.92,1.75,0.0,0.0,0.0,0,5004,-2.67,-4.00
93848,-3.20,-2.94,1.94,0.0,0.0,0.0,0,5000,-2.77,-4.02
93869,-2.55,-2.94,1.65,0.0,0.0,0.0,0,5000,-2.89,-4.02
93889,-3.10,-2.94,1.92,0.0,0.0,0.0,0,5004,-2.63,-4.08
93910,-2.61,-2.92,1.79,0.0,0.0,0.0,0,5004,-3.10,-4.02
93930,-3.06,-2.93,1.77,0.0,0.0,0.0,0,5000,-3.06,-4.06
93950,-2.95,-2.94,1.69,0.0,0.0,0.0,0,5004,-3.04,-4.18
93971,-2.66,-2.93,1.96,0.0,0.0,0.0,0,5000,-2.55,-4.06
93991,-2.77,-2.92,1.98,0.0,0.0,0.0,0,5004,-2.63,-4.02
94012,-2.74,-2.92,1.77,0.0,0.0,0.0,0,5000,-3.24,-4.04
94032,-3.03,-2.92,1.90,0.0,0.0,0.0,0,5000,-2.98,-4.08
94053,-3.05,-2.92,1.63,0.0,0.0,0.0,0,5004,-2.98,-4.16
94073,-3.33,-2.95,1.79,0.0,0.0,0.0,0,5000,-2.63,-4.08
94094,-2.77,-2.94,1.85,0.0,0.0,0.0,0,5004,-2.83,-4.08
94114,-2.81,-2.92,1.90,0.0,0.0,0.0,0,5000,-2.65,-4.12
94135,-2.98,-2.92,1.77,0.0,0.0,0.0,0,5004,-2.98,-4.04
94155,-3.12,-2.93,1.79,0.0,0.0,0.0,0,5004,-3.20,-3.95
94176,-3.06,-2.95,1.83,0.0,0.0,0.0,0,5004,-2.85,-4.00
94196,-2.98,-2.95,2.08,0.0,0.0,0.0,0,5004,-2.94,-4.02
94217,-2.74,-2.95,1.90,0.0,0.0,0.0,0,5000,-2.51,-4.10
94237,-2.72,-2.94,1.63,0.0,0.0,0.0,0,5004,-2.81,-4.12
94258,-2.76,-2.94,1.69,0.0,0.0,0.0,0,5004,-2.87,-4.02
94278,-3.18,-2.95,1.98,0.0,0.0,0.0,0,5004,-2.89,-4.04
94299,-2.93,-2.96,1.69,0.0,0.0,0.0,0,5004,-3.24,-3.97
94319,-2.75,-2.95,1.92,0.0,0.0,0.0,0,5000,-2.65,-4.06
94340,-2.75,-2.93,1.90,0.0,0.0,0.0,0,5000,-2.75,-4.02
94360,-3.01,-2.94,1.92,0.0,0.0,0.0,0,5000,-2.94,-4.06
94381,-3.03,-2.95,1.59,0.0,0.0,0.0,0,5000,-3.10,-4.10
94401,-2.73,-2.94,1.77,0.0,0.0,0.0,0,5000,-2.89,-4.06
94422,-3.20,-2.95,2.02,0.0,0.0,0.0,0,5000,-2.65,-4.08
94442,-2.87,-2.95,1.69,0.0,0.0,0.0,0,5000,-2.85,-4.04
94462,-2.84,-2.95,1.59,0.0,0.0,0.0,0,5004,-3.06,-4.06
94483,-2.49,-2.94,2.08,0.0,0.0,0.0,0,5000,-2.41,-4.08
94503,-2.71,-2.94,1.73,0.0,0.0,0.0,0,5004,-3.02,-4.18
94524,-2.64,-2.93,1.85,0.0,0.0,0.0,0,5004,-3.20,-4.12
94544,-3.34,-2.95,1.79,0.0,0.0,0.0,0,5004,-2.89,-3.91
94565,-3.00,-2.96,1.88,0.0,0.0,0.0,0,5004,-2.67,-4.12
94585,-3.21,-2.97,1.94,0.0,0.0,0.0,0,5004,-2.63,-4.14
94607,-2.37,-2.94,1.71,0.0,0.0,0.0,0,5000,-3.12,-4.08
94627,-3.06,-2.93,1.90,0.0,0.0,0.0,0,5000,-2.87,-4.00
94648,-2.96,-2.93,1.63,0.0,0.0,0.0,0,5000,-3.14,-4.02
94668,-3.25,-2.96,1.90,0.0,0.0,0.0,0,5004,-2.63,-4.18
94689,-2.90,-2.96,1.92,0.0,0.0,0.0,0,5004,-2.77,-4.10
94709,-2.66,-2.94,1.96,0.0,0.0,0.0,0,5000,-2.67,-4.04
94730,-2.91,-2.93,1.77,0.0,0.0,0.0,0,5000,-2.96,-4.08
94750,-2.69,-2.92,1.61,0.0,0.0,0.0,0,5004,-3.06,-4.02
94771,-3.18,-2.94,1.88,0.0,0.0,0.0,0,5000,-2.67,-4.04
94791,-2.86,-2.94,1.94,0.0,0.0,0.0,0,5000,-2.96,-4.08
94812,-2.96,-2.93,1.94,0.0,0.0,0.0,0,5000,-2.81,-4.16
94832,-2.86,-2.91,1.73,0.0,0.0,0.0,0,5000,-3.16,-4.04
94853,-3.01,-2.92,1.81,0.0,0.0,0.0,0,5004,-2.89,-4.02
94873,-2.89,-2.94,1.81,0.0,0.0,0.0,0,5000,-2.67,-4.14
94894,-3.02,-2.94,1.88,0.0,0.0,0.0,0,5004,-2.89,-4.04
94914,-2.77,-2.95,1.77,0.0,0.0,0.0,0,5004,-2.61,-4.08
94935,-2.83,-2.93,1.73,0.0,0.0,0.0,0,5004,-2.89,-4.04
94955,-2.89,-2.93,1.83,0.0,0.0,0.0,0,5000,-3.10,-4.04
94976,-3.04,-2.94,1.71,0.0,0.0,0.0,0,5000,-2.91,-4.04
94996,-2.93,-2.94,1.83,0.0,0.0,0.0,0,5004,-2.87,-4.04
95016,-2.85,-2.94,1.79,0.0,0.0,0.0,0,5004,-2.67,-4.14
95037,-3.14,-2.95,1.85,0.0,0.0,0.0,0,5000,-2.77,-4.08
95057,-2.94,-2.96,1.83,0.0,0.0,0.0,0,5000,-2.94,-4.08
95078,-2.85,-2.95,1.75,0.0,0.0,0.0,0,5004,-2.77,-4.10
95098,-3.15,-2.95,1.77,0.0,0.0,0.0,0,5000,-3.02,-4.04
95119,-2.80,-2.94,1.79,0.0,0.0,0.0,0,5000,-2.83,-4.08
95139,-3.01,-2.93,1.85,0.0,0.0,0.0,0,5000,-2.87,-4.12
95160,-3.01,-2.93,1.81,0.0,0.0,0.0,0,5000,-2.83,-4.08
95180,-3.07,-2.94,1.90,0.0,0.0,0.0,0,5000,-2.85,-4.06
95201,-3.21,-2.95,1.79,0.0,0.0,0.0,0,5004,-2.89,-4.14
95221,-2.73,-2.95,1.88,0.0,0.0,0.0,0,5004,-2.87,-4.10
95242,-2.87,-2.94,1.85,0.0,0.0,0.0,0,5000,-2.83,-4.04
95262,-2.84,-2.93,1.81,0.0,0.0,0.0,0,5004,-2.89,-4.04
95283,-2.92,-2.94,1.69,0.0,0.0,0.0,0,5004,-2.87,-4.06
95303,-3.18,-2.95,1.83,0.0,0.0,0.0,0,5004,-2.63,-3.97
95324,-3.07,-2.96,1.90,0.0,0.0,0.0,0,5004,-2.73,-4.08
95344,-2.75,-2.96,1.88,0.0,0.0,0.0,0,5004,-2.94,-4.12
95366,-2.70,-2.94,1.75,0.0,0.0,0.0,0,5000,-2.94,-4.10
95386,-2.95,-2.92,1.81,0.0,0.0,0.0,0,5004,-3.06,-3.95
95407,-3.09,-2.93,1.83,0.0,0.0,0.0,0,5004,-2.89,-4.08
95427,-2.95,-2.94,1.83,0.0,0.0,0.0,0,5000,-2.85,-4.06
95448,-2.83,-2.94,1.77,0.0,0.0,0.0,0,5004,-2.83,-4.08
95468,-2.65,-2.93,1.94,0.0,0.0,0.0,0,5000,-2.87,-4.04
95489,-2.84,-2.92,1.85,0.0,0.0,0.0,0,5000,-2.91,-4.04
95509,-3.10,-2.93,1.85,0.0,0.0,0.0,0,5000,-2.85,-4.06
95529,-2.78,-2.94,1.96,0.0,0.0,0.0,0,5004,-2.89,-4.10
95550,-2.73,-2.93,1.90,0.0,0.0,0.0,0,5004,-2.91,-4.00
95570,-2.63,-2.92,1.90,0.0,0.0,0.0,0,5004,-2.77,-4.12
95591,-2.82,-2.91,1.83,0.0,0.0,0.0,0,5000,-2.89,-4.00
95611,-3.18,-2.92,1.69,0.0,0.0,0.0,0,5000,-3.16,-4.06
95632,-3.10,-2.93,1.73,0.0,0.0,0.0,0,5004,-2.69,-3.95
95652,-3.07,-2.94,2.02,0.0,0.0,0.0,0,5000,-2.63,-3.97
95673,-2.69,-2.93,1.71,0.0,0.0,0.0,0,5000,-2.96,-4.12
95693,-2.72,-2.91,1.88,0.0,0.0,0.0,0,5000,-2.91,-4.06
95714,-3.17,-2.92,1.75,0.0,0.0,0.0,0,5004,-3.04,-4.02
95734,-3.15,-2.93,1.71,0.0,0.0,0.0,0,5000,-3.06,-4.04
95755,-2.24,-2.94,2.38,0.0,0.0,0.0,0,5000,-2.43,-4.04
95775,-2.71,-2.93,1.75,0.0,0.0,0.0,0,5004,-3.14,-4.08
95796,-2.59,-2.92,1.79,0.0,0.0,0.0,0,5004,-3.36,-3.97
95816,-3.12,-2.92,1.69,0.0,0.0,0.0,0,5004,-3.10,-3.91
95837,-3.31,-2.93,2.20,0.0,0.0,0.0,0,5004,-2.65,-3.95
95857,-2.78,-2.94,1.63,0.0,0.0,0.0,0,5000,-2.77,-4.08
95878,-2.89,-2.92,1.81,0.0,0.0,0.0,0,5000,-2.87,-4.04
95898,-2.86,-2.90,1.98,0.0,0.0,0.0,0,5000,-2.85,-4.12
95919,-3.38,-2.93,1.67,0.0,0.0,0.0,0,5004,-2.96,-4.02
95939,-2.97,-2.94,1.90,0.0,0.0,0.0,0,5000,-3.06,-4.06
95960,-2.71,-2.92,2.36,0.0,0.0,0.0,0,5000,-2.69,-4.02
95980,-2.64,-2.92,1.65,0.0,0.0,0.0,0,5004,-2.94,-4.06
96001,-3.24,-2.92,1.63,0.0,0.0,0.0,0,5004,-2.89,-4.10
96021,-2.81,-2.92,1.65,0.0,0.0,0.0,0,5000,-2.79,-4.10
96041,-3.17,-2.93,2.10,0.0,0.0,0.0,0,5000,-2.63,-3.97
96062,-2.70,-2.94,1.51,0.0,0.0,0.0,0,5000,-3.26,-4.00
96082,-2.75,-2.95,2.10,0.0,0.0,0.0,0,5004,-2.49,-4.14
96103,-2.15,-2.91,1.75,0.0,0.0,0.0,0,5004,-3.00,-3.93
96123,-2.91,-2.90,2.04,0.0,0.0,0.0,0,5004,-2.85,-4.10
96144,-3.02,-2.92,1.55,0.0,0.0,0.0,0,5004,-3.47,-4.04
96165,-3.06,-2.93,1.71,0.0,0.0,0.0,0,5004,-2.75,-3.97
96186,-2.15,-2.94,2.59,0.0,0.0,0.0,0,5000,-2.06,-3.97
96206,-2.22,-2.89,1.90,0.0,0.0,0.0,0,5000,-3.06,-3.95
96227,-2.81,-2.88,1.65,0.0,0.0,0.0,0,5004,-3.59,-4.06
96247,-3.15,-2.89,1.81,0.0,0.0,0.0,0,5000,-2.87,-4.14
96268,-3.47,-2.93,2.06,0.0,0.0,0.0,0,5000,-2.61,-4.08
96288,-2.99,-2.96,1.96,0.0,0.0,0.0,0,5004,-2.71,-4.14
96309,-2.36,-2.92,1.65,0.0,0.0,0.0,0,5004,-3.06,-3.97
96329,-2.74,-2.90,2.14,0.0,0.0,0.0,0,5000,-2.45,-4.04
96350,-3.07,-2.90,1.65,0.0,0.0,0.0,0,5004,-3.40,-4.00
96370,-3.16,-2.93,1.79,0.0,0.0,0.0,0,5000,-3.04,-4.10
96391,-3.13,-2.94,1.88,0.0,0.0,0.0,0,5000,-2.89,-3.91
96411,-2.99,-2.91,2.26,0.0,0.0,0.0,0,5000,-2.36,-4.04
96432,-2.71,-2.90,1.49,0.0,0.0,0.0,0,5000,-2.75,-4.08
96452,-3.09,-2.90,1.77,0.0,0.0,0.0,0,5000,-2.67,-4.04
96473,-3.22,-2.93,1.92,0.0,0.0,0.0,0,5004,-2.98,-3.91
96493,-3.17,-2.96,1.81,0.0,0.0,0.0,0,5004,-2.98,-4.04
96514,-2.61,-2.94,1.81,0.0,0.0,0.0,0,5004,-3.04,-4.08
96534,-2.19,-2.89,1.75,0.0,0.0,0.0,0,5004,-2.71,-3.89
96555,-2.89,-2.88,1.98,0.0,0.0,0.0,0,5000,-2.22,-4.12
96575,-3.36,-2.90,1.77,0.0,0.0,0.0,0,5000,-3.12,-4.06
96595,-2.79,-2.92,1.92,0.0,0.0,0.0,0,5000,-3.34,-4.12
96616,-2.58,-2.90,1.90,0.0,0.0,0.0,0,5000,-2.94,-3.95
96636,-2.50,-2.88,1.98,0.0,0.0,0.0,0,5004,-2.53,-4.06
96657,-2.89,-2.88,1.98,0.0,0.0,0.0,0,5004,-2.55,-4.08
96677,-3.10,-2.91,1.67,0.0,0.0,0.0,0,5000,-3.16,-4.06
96698,-2.94,-2.92,2.02,0.0,0.0,0.0,0,5000,-2.85,-4.02
96718,-2.99,-2.93,1.94,0.0,0.0,0.0,0,5000,-2.77,-4.04
96739,-2.37,-2.88,1.71,0.0,0.0,0.0,0,5004,-3.12,-4.16
96759,-3.25,-2.89,1.77,0.0,0.0,0.0,0,5000,-2.73,-4.16
96780,-2.96,-2.90,1.79,0.0,0.0,0.0,0,5004,-2.75,-4.00
96800,-3.61,-2.94,2.06,0.0,0.0,0.0,0,5000,-2.47,-4.14
96821,-2.77,-2.95,1.73,0.0,0.0,0.0,0,5004,-3.10,-4.12
96841,-2.33,-2.91,1.88,0.0,0.0,0.0,0,5000,-3.20,-3.89
96862,-2.68,-2.89,2.00,0.0,0.0,0.0,0,5000,-2.73,-4.16
96882,-3.42,-2.89,1.79,0.0,0.0,0.0,0,5000,-3.28,-3.95
96903,-3.54,-2.95,1.59,0.0,0.0,0.0,0,5004,-2.59,-4.18
96923,-2.83,-2.94,1.88,0.0,0.0,0.0,0,5000,-2.63,-3.87
96944,-2.53,-2.92,2.06,0.0,0.0,0.0,0,5000,-2.43,-4.26
96964,-2.57,-2.87,1.47,0.0,0.0,0.0,0,5000,-3.71,-4.04
96986,-3.21,-2.89,1.77,0.0,0.0,0.0,0,5004,-2.96,-4.18
97006,-3.35,-2.91,1.90,0.0,0.0,0.0,0,5004,-2.45,-4.00
97027,-3.25,-2.94,1.81,0.0,0.0,0.0,0,5000,-2.61,-4.16
97047,-2.44,-2.93,1.81,0.0,0.0,0.0,0,5000,-3.00,-4.22
97068,-2.45,-2.89,1.71,0.0,0.0,0.0,0,5000,-2.89,-3.97
97088,-2.85,-2.88,1.81,0.0,0.0,0.0,0,5000,-2.77,-4.06
97108,-3.35,-2.90,1.77,0.0,0.0,0.0,0,5000,-3.08,-4.08
97129,-3.23,-2.94,1.73,0.0,0.0,0.0,0,5000,-3.00,-4.10
97149,-2.91,-2.94,2.08,0.0,0.0,0.0,0,5004,-2.55,-4.04
97170,-2.61,-2.92,2.00,0.0,0.0,0.0,0,5000,-2.63,-4.12
97190,-2.67,-2.89,1.79,0.0,0.0,0.0,0,5004,-3.14,-4.02
97211,-2.87,-2.89,1.75,0.0,0.0,0.0,0,5004,-2.94,-4.08
97231,-3.39,-2.92,1.92,0.0,0.0,0.0,0,5000,-2.83,-4.14
97252,-3.30,-2.94,1.92,0.0,0.0,0.0,0,5004,-2.94,-4.16
97272,-2.70,-2.94,1.79,0.0,0.0,0.0,0,5004,-2.85,-3.97
97293,-2.32,-2.90,1.88,0.0,0.0,0.0,0,5004,-2.71,-4.08
97313,-2.93,-2.88,1.92,0.0,0.0,0.0,0,5000,-2.79,-4.12
97334,-3.16,-2.89,1.71,0.0,0.0,0.0,0,5000,-2.96,-4.04
97354,-3.38,-2.92,1.90,0.0,0.0,0.0,0,5000,-2.75,-4.16
97375,-2.79,-2.92,1.85,0.0,0.0,0.0,0,5000,-2.89,-4.12
97395,-2.73,-2.90,1.94,0.0,0.0,0.0,0,5004,-2.75,-4.04
97416,-2.80,-2.89,1.81,0.0,0.0,0.0,0,5004,-2.96,-4.04
97436,-3.04,-2.90,1.81,0.0,0.0,0.0,0,5004,-3.06,-3.95
97457,-3.06,-2.90,1.92,0.0,0.0,0.0,0,5000,-2.77,-4.08
97477,-2.98,-2.91,1.85,0.0,0.0,0.0,0,5004,-2.98,-4.02
97498,-2.89,-2.89,1.88,0.0,0.0,0.0,0,5004,-2.77,-4.16
97518,-2.70,-2.88,1.71,0.0,0.0,0.0,0,5004,-2.83,-4.04
97539,-3.05,-2.89,1.92,0.0,0.0,0.0,0,5004,-2.77,-4.14
97559,-3.17,-2.89,1.83,0.0,0.0,0.0,0,5004,-3.04,-4.12
97580,-3.01,-2.90,1.77,0.0,0.0,0.0,0,5004,-2.89,-4.04
97600,-2.65,-2.88,1.83,0.0,0.0,0.0,0,5000,-2.77,-4.10
97620,-2.60,-2.87,1.79,0.0,0.0,0.0,0,5000,-2.83,-4.10
97641,-2.97,-2.87,1.77,0.0,0.0,0.0,0,5004,-2.81,-3.91
97661,-3.17,-2.89,1.81,0.0,0.0,0.0,0,5004,-2.96,-3.97
97682,-3.04,-2.90,1.83,0.0,0.0,0.0,0,5000,-2.85,-4.02
97702,-2.37,-2.90,2.22,0.0,0.0,0.0,0,5000,-2.53,-4.12
97723,-2.51,-2.91,1.67,0.0,0.0,0.0,0,5000,-3.06,-4.06
97743,-2.69,-2.89,1.94,0.0,0.0,0.0,0,5000,-2.83,-4.00
97764,-2.73,-2.89,1.83,0.0,0.0,0.0,0,5004,-2.94,-4.06
97784,-2.68,-2.88,1.77,0.0,0.0,0.0,0,5000,-2.87,-3.93
97806,-3.24,-2.89,1.81,0.0,0.0,0.0,0,5000,-2.77,-4.12
97826,-2.99,-2.90,1.67,0.0,0.0,0.0,0,5004,-3.02,-4.02
97847,-3.41,-2.92,1.88,0.0,0.0,0.0,0,5004,-2.87,-4.08
97867,-2.70,-2.92,1.85,0.0,0.0,0.0,0,5000,-2.87,-4.12
97888,-2.64,-2.90,1.94,0.0,0.0,0.0,0,5000,-2.55,-4.06
97908,-2.81,-2.89,1.69,0.0,0.0,0.0,0,5000,-2.98,-3.97
97929,-3.19,-2.90,1.81,0.0,0.0,0.0,0,5004,-2.98,-3.89
97949,-3.25,-2.92,1.98,0.0,0.0,0.0,0,5000,-2.79,-4.02
97970,-2.73,-2.92,1.83,0.0,0.0,0.0,0,5004,-2.96,-4.14
97990,-2.53,-2.90,1.83,0.0,0.0,0.0,0,5004,-3.08,-4.02
98011,-2.53,-2.88,1.83,0.0,0.0,0.0,0,5000,-2.75,-4.06
98031,-3.23,-2.89,1.79,0.0,0.0,0.0,0,5008,-2.67,-4.08
98052,-2.90,-2.91,1.61,0.0,0.0,0.0,0,5000,-2.75,-4.14
98072,-2.80,-2.91,1.94,0.0,0.0,0.0,0,5004,-2.69,-3.97
98093,-2.84,-2.90,1.81,0.0,0.0,0.0,0,5004,-2.96,-4.04
98113,-2.88,-2.90,1.65,0.0,0.0,0.0,0,5000,-3.28,-3.95
98134,-3.01,-2.91,1.79,0.0,0.0,0.0,0,5000,-3.06,-4.10
98154,-2.85,-2.91,1.35,0.0,0.0,0.0,0,5004,-2.81,-4.20
98174,-3.42,-2.92,1.85,0.0,0.0,0.0,0,5004,-2.53,-3.91
98195,-2.82,-2.92,1.73,0.0,0.0,0.0,0,5004,-2.91,-4.14
98215,-2.42,-2.91,1.90,0.0,0.0,0.0,0,5000,-2.51,-4.08
98236,-2.32,-2.88,1.83,0.0,0.0,0.0,0,5000,-2.91,-4.04
98256,-2.76,-2.86,1.73,0.0,0.0,0.0,0,5004,-3.08,-4.06
98277,-3.30,-2.89,1.79,0.0,0.0,0.0,0,5000,-2.81,-4.06
98297,-3.01,-2.90,1.81,0.0,0.0,0.0,0,5004,-2.91,-3.93
98318,-3.35,-2.92,2.16,0.0,0.0,0.0,0,5000,-2.81,-4.08
98338,-2.75,-2.90,1.85,0.0,0.0,0.0,0,5000,-3.08,-4.10
98359,-2.80,-2.88,1.90,0.0,0.0,0.0,0,5000,-2.91,-4.12
98379,-2.69,-2.87,1.59,0.0,0.0,0.0,0,5000,-3.12,-4.00
98400,-3.08,-2.88,1.75,0.0,0.0,0.0,0,5004,-2.67,-3.95
98420,-3.14,-2.90,1.94,0.0,0.0,0.0,0,5000,-2.63,-4.08
98441,-2.91,-2.89,1.73,0.0,0.0,0.0,0,5000,-3.08,-4.06
98461,-2.60,-2.89,1.90,0.0,0.0,0.0,0,5004,-3.00,-4.04
98482,-2.84,-2.87,1.88,0.0,0.0,0.0,0,5004,-2.81,-4.08
98502,-3.08,-2.89,1.73,0.0,0.0,0.0,0,5000,-2.81,-4.06
98523,-3.05,-2.91,1.75,0.0,0.0,0.0,0,5000,-2.87,-4.16
98543,-2.85,-2.90,1.92,0.0,0.0,0.0,0,5004,-2.71,-4.08
98564,-2.69,-2.89,1.92,0.0,0.0,0.0,0,5004,-3.00,-4.16
98584,-2.88,-2.88,1.75,0.0,0.0,0.0,0,5000,-3.20,-4.06
98605,-2.97,-2.88,1.75,0.0,0.0,0.0,0,5000,-2.77,-4.14
98625,-3.35,-2.89,2.10,0.0,0.0,0.0,0,5000,-2.85,-3.97
98646,-3.03,-2.90,1.77,0.0,0.0,0.0,0,5004,-2.45,-4.06
98666,-3.25,-2.90,1.81,0.0,0.0,0.0,0,5000,-2.94,-4.12
98686,-2.53,-2.89,1.75,0.0,0.0,0.0,0,5000,-3.00,-4.08
98707,-2.94,-2.89,1.77,0.0,0.0,0.0,0,5000,-3.02,-4.06
98728,-3.09,-2.90,1.67,0.0,0.0,0.0,0,5000,-2.98,-4.14
98749,-3.38,-2.91,1.85,0.0,0.0,0.0,0,5004,-2.63,-4.10
98769,-2.84,-2.90,1.96,0.0,0.0,0.0,0,5004,-2.75,-4.08
98790,-2.89,-2.90,1.81,0.0,0.0,0.0,0,5000,-2.69,-4.08
98810,-2.83,-2.90,1.75,0.0,0.0,0.0,0,5000,-3.18,-4.02
98831,-2.95,-2.89,1.88,0.0,0.0,0.0,0,5000,-2.77,-3.91
98851,-2.74,-2.89,1.77,0.0,0.0,0.0,0,5004,-2.77,-4.08
98872,-2.56,-2.87,1.90,0.0,0.0,0.0,0,5004,-2.59,-4.04
98892,-2.91,-2.88,1.88,0.0,0.0,0.0,0,5000,-2.89,-4.02
98913,-2.82,-2.88,1.75,0.0,0.0,0.0,0,5000,-3.14,-4.04
98933,-3.07,-2.89,2.02,0.0,0.0,0.0,0,5004,-3.02,-4.00
98954,-2.83,-2.89,1.61,0.0,0.0,0.0,0,5000,-3.10,-4.00
98974,-2.84,-2.89,2.08,0.0,0.0,0.0,0,5004,-2.36,-4.10
98995,-2.87,-2.90,1.63,0.0,0.0,0.0,0,5004,-2.89,-4.14
99015,-2.64,-2.89,1.85,0.0,0.0,0.0,0,5004,-2.69,-4.12
99036,-3.12,-2.90,1.85,0.0,0.0,0.0,0,5000,-3.04,-3.97
99056,-2.43,-2.88,1.83,0.0,0.0,0.0,0,5000,-3.22,-4.18
99077,-2.86,-2.88,1.92,0.0,0.0,0.0,0,5004,-2.85,-4.04
99097,-2.62,-2.87,1.71,0.0,0.0,0.0,0,5000,-2.79,-4.12
99118,-3.42,-2.89,1.75,0.0,0.0,0.0,0,5004,-2.81,-4.04
99138,-3.33,-2.92,1.92,0.0,0.0,0.0,0,5000,-2.67,-4.24
99159,-2.79,-2.90,2.00,0.0,0.0,0.0,0,5000,-3.22,-4.10
99179,-2.57,-2.89,1.88,0.0,0.0,0.0,0,5004,-2.83,-4.22
99200,-2.83,-2.85,1.73,0.0,0.0,0.0,0,5000,-2.98,-3.89
99220,-3.12,-2.87,1.92,0.0,0.0,0.0,0,5004,-2.61,-4.12
99240,-3.06,-2.88,1.79,0.0,0.0,0.0,0,5004,-3.00,-4.04
99261,-3.25,-2.92,1.98,0.0,0.0,0.0,0,5000,-2.85,-4.00
99281,-2.12,-2.89,1.81,0.0,0.0,0.0,0,5004,-2.87,-4.02
99302,-2.65,-2.87,1.55,0.0,0.0,0.0,0,5004,-2.96,-4.16
99322,-2.70,-2.87,1.79,0.0,0.0,0.0,0,5000,-2.65,-4.08
99343,-3.45,-2.90,2.02,0.0,0.0,0.0,0,5000,-2.94,-4.08
99363,-3.23,-2.93,1.90,0.0,0.0,0.0,0,5000,-2.67,-4.18
99384,-2.83,-2.92,1.85,0.0,0.0,0.0,0,5000,-2.85,-3.97
99404,-2.34,-2.86,1.92,0.0,0.0,0.0,0,5000,-2.81,-4.18
99425,-2.75,-2.83,1.55,0.0,0.0,0.0,0,5000,-3.24,-4.04
99445,-3.58,-2.88,1.73,0.0,0.0,0.0,0,5000,-3.04,-4.20
99466,-3.22,-2.92,1.88,0.0,0.0,0.0,0,5000,-2.61,-3.97
99486,-3.05,-2.93,2.16,0.0,0.0,0.0,0,5004,-2.57,-4.12
99508,-2.01,-2.88,1.85,0.0,0.0,0.0,0,5000,-2.94,-4.12
99528,-2.57,-2.84,1.73,0.0,0.0,0.0,0,5000,-3.02,-4.04
99549,-3.09,-2.84,1.71,0.0,0.0,0.0,0,5004,-2.85,-4.06
99569,-3.66,-2.91,1.81,0.0,0.0,0.0,0,5004,-2.65,-4.08
99590,-2.80,-2.92,1.90,0.0,0.0,0.0,0,5004,-2.79,-4.14
99610,-2.39,-2.89,1.96,0.0,0.0,0.0,0,5000,-2.71,-4.04
99631,-2.40,-2.85,1.81,0.0,0.0,0.0,0,5000,-3.06,-4.06
99651,-3.47,-2.86,1.81,0.0,0.0,0.0,0,5004,-3.22,-4.06
99672,-3.31,-2.91,1.73,0.0,0.0,0.0,0,5000,-2.96,-4.12
99692,-2.37,-2.91,2.91,0.0,0.0,0.0,0,5000,-2.02,-3.95
99713,-2.74,-2.90,1.65,0.0,0.0,0.0,0,5000,-3.69,-4.04
99733,-2.49,-2.87,1.96,0.0,0.0,0.0,0,5004,-3.24,-4.12
99753,-3.46,-2.87,1.81,0.0,0.0,0.0,0,5000,-2.59,-3.97
99774,-2.86,-2.89,1.81,0.0,0.0,0.0,0,5004,-2.77,-4.24
99794,-3.48,-2.92,1.92,0.0,0.0,0.0,0,5000,-2.83,-4.10
99815,-2.21,-2.91,1.71,0.0,0.0,0.0,0,5000,-3.02,-4.16
99835,-2.89,-2.87,1.67,0.0,0.0,0.0,0,5004,-2.57,-4.04
99856,-2.90,-2.89,1.49,0.0,0.0,0.0,0,5004,-3.16,-4.12
99876,-2.70,-2.89,1.81,0.0,0.0,0.0,0,5004,-2.94,-4.10
99897,-3.26,-2.92,1.88,0.0,0.0,0.0,0,5004,-2.91,-4.08
99917,-2.50,-2.90,1.81,0.0,0.0,0.0,0,5000,-2.87,-3.91
99938,-2.69,-2.88,1.98,0.0,0.0,0.0,0,5000,-2.59,-4.12
99958,-2.55,-2.86,1.71,0.0,0.0,0.0,0,5000,-2.85,-4.14
99979,-3.27,-2.86,1.90,0.0,0.0,0.0,0,5000,-2.96,-3.91
99999,-3.01,-2.89,1.92,0.0,0.0,0.0,0,5000,-2.85,-4.04
100020,-2.73,-2.88,1.73,0.0,0.0,0.0,0,5000,-3.12,-4.10
100040,-2.42,-2.87,1.71,0.0,0.0,0.0,0,5000,-2.77,-4.14
100061,-2.18,-2.85,2.41,0.0,0.0,0.0,0,5000,-2.26,-3.97
100081,-2.73,-2.86,1.63,0.0,0.0,0.0,0,5004,-3.36,-4.14
100103,-3.11,-2.89,1.67,0.0,0.0,0.0,0,5000,-3.16,-4.08
100123,-2.98,-2.88,2.04,0.0,0.0,0.0,0,5004,-2.38,-3.91
100144,-2.42,-2.87,1.90,0.0,0.0,0.0,0,5000,-2.53,-4.16
100164,-2.90,-2.85,1.55,0.0,0.0,0.0,0,5000,-3.16,-4.16
100185,-2.44,-2.84,1.79,0.0,0.0,0.0,0,5004,-2.83,-4.08
100205,-3.66,-2.87,2.04,0.0,0.0,0.0,0,5004,-2.55,-4.12
100226,-3.04,-2.89,1.79,0.0,0.0,0.0,0,5004,-3.30,-4.04
100246,-2.59,-2.89,1.96,0.0,0.0,0.0,0,5000,-2.77,-4.00
100267,-2.22,-2.85,1.53,0.0,0.0,0.0,0,5004,-2.63,-4.20
100287,-2.86,-2.84,2.32,0.0,0.0,0.0,0,5000,-2.22,-4.06
100307,-3.18,-2.88,1.57,0.0,0.0,0.0,0,5004,-3.53,-4.16
100328,-3.07,-2.91,1.79,0.0,0.0,0.0,0,5004,-3.16,-4.06
100348,-2.95,-2.92,1.94,0.0,0.0,0.0,0,5004,-2.43,-3.97
100369,-2.41,-2.89,1.98,0.0,0.0,0.0,0,5000,-2.36,-4.10
100390,-2.84,-2.88,1.55,0.0,0.0,0.0,0,5004,-3.06,-4.14
100411,-2.54,-2.86,1.71,0.0,0.0,0.0,0,5004,-2.87,-4.18
100431,-3.78,-2.90,2.08,0.0,0.0,0.0,0,5000,-2.61,-4.02
100452,-2.68,-2.93,1.71,0.0,0.0,0.0,0,5000,-3.75,-4.10
100472,-2.56,-2.90,1.88,0.0,0.0,0.0,0,5008,-2.79,-4.12
100493,-2.52,-2.86,1.90,0.0,0.0,0.0,0,5000,-2.63,-4.14
100513,-3.09,-2.85,1.92,0.0,0.0,0.0,0,5004,-2.51,-3.97
100534,-3.41,-2.89,1.63,0.0,0.0,0.0,0,5000,-3.38,-4.10
100554,-2.81,-2.91,1.83,0.0,0.0,0.0,0,5000,-3.06,-4.14
100575,-3.10,-2.91,2.02,0.0,0.0,0.0,0,5004,-2.59,-4.08
100595,-2.27,-2.88,1.75,0.0,0.0,0.0,0,5004,-2.94,-4.06
100616,-2.91,-2.87,1.69,0.0,0.0,0.0,0,5000,-3.00,-4.08
100636,-2.89,-2.87,1.69,0.0,0.0,0.0,0,5004,-2.83,-4.06
100657,-3.17,-2.88,1.90,0.0,0.0,0.0,0,5000,-2.41,-4.04
100678,-2.98,-2.91,2.00,0.0,0.0,0.0,0,5000,-2.98,-4.06
100699,-2.11,-2.88,1.81,0.0,0.0,0.0,0,5004,-3.42,-4.08
100719,-2.75,-2.86,2.04,0.0,0.0,0.0,0,5000,-2.71,-4.00
100740,-3.01,-2.86,1.81,0.0,0.0,0.0,0,5004,-2.89,-4.06
100760,-3.34,-2.89,1.71,0.0,0.0,0.0,0,5004,-2.81,-4.12
100781,-3.37,-2.93,2.24,0.0,0.0,0.0,0,5004,-2.55,-4.06
100801,-2.60,-2.91,1.71,0.0,0.0,0.0,0,5000,-3.42,-4.00
100822,-2.74,-2.90,2.02,0.0,0.0,0.0,0,5000,-2.81,-4.16
100842,-2.92,-2.88,1.51,0.0,0.0,0.0,0,5004,-2.96,-4.00
100862,-3.17,-2.89,2.30,0.0,0.0,0.0,0,5000,-2.32,-4.14
100883,-3.30,-2.91,1.59,0.0,0.0,0.0,0,5004,-3.51,-3.87
100903,-2.64,-2.90,2.04,0.0,0.0,0.0,0,5000,-2.77,-4.18
100924,-2.86,-2.87,1.71,0.0,0.0,0.0,0,5000,-2.77,-4.00
100944,-2.73,-2.87,1.90,0.0,0.0,0.0,0,5000,-2.71,-4.08
100965,-3.18,-2.89,1.77,0.0,0.0,0.0,0,5000,-2.94,-4.14
100986,-3.31,-2.92,2.00,0.0,0.0,0.0,0,5000,-2.63,-4.22
101007,-2.91,-2.91,2.16,0.0,0.0,0.0,0,5004,-3.18,-3.95
101027,-2.90,-2.91,1.79,0.0,0.0,0.0,0,5004,-2.98,-4.06
101048,-2.62,-2.89,1.65,0.0,0.0,0.0,0,5004,-3.12,-4.08
101068,-2.82,-2.88,1.88,0.0,0.0,0.0,0,5004,-2.28,-4.02
101089,-3.26,-2.89,1.85,0.0,0.0,0.0,0,5000,-2.83,-3.93
101109,-3.25,-2.91,1.92,0.0,0.0,0.0,0,5000,-2.87,-4.18
101130,-2.71,-2.90,1.83,0.0,0.0,0.0,0,5004,-2.96,-4.02
101150,-2.58,-2.88,1.98,0.0,0.0,0.0,0,5004,-2.65,-4.04
101171,-2.57,-2.86,1.94,0.0,0.0,0.0,0,5004,-3.26,-3.93
101191,-3.53,-2.89,1.55,0.0,0.0,0.0,0,5000,-3.14,-3.91
101212,-3.07,-2.91,2.00,0.0,0.0,0.0,0,5000,-2.61,-4.04
101232,-3.07,-2.92,1.98,0.0,0.0,0.0,0,5000,-2.63,-4.06
101254,-2.58,-2.92,1.81,0.0,0.0,0.0,0,5000,-3.04,-4.16
101274,-2.66,-2.89,1.69,0.0,0.0,0.0,0,5000,-3.14,-4.08
101295,-2.89,-2.89,1.85,0.0,0.0,0.0,0,5000,-2.69,-4.00
101315,-3.38,-2.91,1.79,0.0,0.0,0.0,0,5000,-3.06,-4.16
101336,-2.91,-2.93,1.94,0.0,0.0,0.0,0,5000,-2.71,-4.04
101356,-2.75,-2.91,1.96,0.0,0.0,0.0,0,5000,-2.79,-4.00
101377,-2.54,-2.89,1.73,0.0,0.0,0.0,0,5000,-2.91,-4.12
101397,-2.80,-2.88,1.69,0.0,0.0,0.0,0,5004,-3.12,-3.97
101417,-3.21,-2.89,1.98,0.0,0.0,0.0,0,5004,-2.83,-4.16
101438,-3.05,-2.90,1.81,0.0,0.0,0.0,0,5000,-2.94,-4.20
101458,-2.87,-2.90,2.00,0.0,0.0,0.0,0,5004,-2.81,-4.16
101479,-2.36,-2.88,1.75,0.0,0.0,0.0,0,5004,-2.85,-3.93
101499,-2.93,-2.87,1.94,0.0,0.0,0.0,0,5000,-2.63,-4.06
101520,-3.03,-2.88,1.75,0.0,0.0,0.0,0,5000,-3.04,-4.02
101541,-2.70,-2.89,1.47,0.0,0.0,0.0,0,5004,-2.98,-4.04
101562,-3.01,-2.90,1.73,0.0,0.0,0.0,0,5000,-2.67,-4.12
101582,-2.60,-2.89,1.96,0.0,0.0,0.0,0,5004,-2.77,-4.04
101603,-2.49,-2.87,1.61,0.0,0.0,0.0,0,5000,-3.02,-4.16
101623,-3.03,-2.86,1.71,0.0,0.0,0.0,0,5008,-2.83,-4.12
101644,-3.04,-2.85,2.00,0.0,0.0,0.0,0,5000,-2.91,-3.95
101664,-3.09,-2.88,1.73,0.0,0.0,0.0,0,5000,-3.08,-4.04
101685,-2.75,-2.87,1.71,0.0,0.0,0.0,0,5004,-2.73,-4.04
101705,-2.98,-2.86,1.96,0.0,0.0,0.0,0,5004,-2.49,-4.04
101726,-3.07,-2.85,1.65,0.0,0.0,0.0,0,5004,-2.98,-4.10
101746,-3.09,-2.87,1.77,0.0,0.0,0.0,0,5000,-3.18,-4.08
101767,-2.86,-2.87,1.92,0.0,0.0,0.0,0,5000,-2.85,-3.97
101787,-3.04,-2.87,1.96,0.0,0.0,0.0,0,5000,-2.67,-4.06
101808,-2.67,-2.86,1.73,0.0,0.0,0.0,0,5000,-3.04,-4.06
101829,-2.79,-2.85,1.79,0.0,0.0,0.0,0,5000,-2.89,-3.97
101850,-3.10,-2.85,1.98,0.0,0.0,0.0,0,5000,-2.57,-4.06
101870,-3.29,-2.88,1.81,0.0,0.0,0.0,0,5004,-2.87,-4.08
101891,-2.97,-2.89,1.85,0.0,0.0,0.0,0,5000,-3.10,-4.12
101911,-2.25,-2.86,1.79,0.0,0.0,0.0,0,5000,-2.94,-3.97
101932,-2.71,-2.84,1.85,0.0,0.0,0.0,0,5000,-2.63,-4.04
101952,-3.06,-2.84,1.79,0.0,0.0,0.0,0,5004,-2.87,-4.10
101972,-3.06,-2.87,1.81,0.0,0.0,0.0,0,5004,-2.94,-4.08
101993,-2.88,-2.88,1.94,0.0,0.0,0.0,0,5000,-2.89,-4.06
102013,-2.78,-2.87,1.85,0.0,0.0,0.0,0,5000,-2.87,-4.08
102034,-2.62,-2.86,1.88,0.0,0.0,0.0,0,5000,-3.04,-4.02
102054,-3.01,-2.86,1.83,0.0,0.0,0.0,0,5000,-2.89,-4.08
102075,-2.85,-2.86,1.90,0.0,0.0,0.0,0,5000,-2.71,-3.91
102095,-3.11,-2.88,1.90,0.0,0.0,0.0,0,5004,-2.85,-4.02
102116,-2.91,-2.88,1.75,0.0,0.0,0.0,0,5004,-3.06,-4.00
102137,-2.67,-2.86,1.90,0.0,0.0,0.0,0,5000,-2.85,-3.97
102158,-2.83,-2.86,1.77,0.0,0.0,0.0,0,5000,-2.89,-4.04
102178,-2.87,-2.87,1.81,0.0,0.0,0.0,0,5004,-2.83,-4.00
102199,-3.21,-2.88,1.88,0.0,0.0,0.0,0,5000,-2.94,-4.02
102219,-2.94,-2.89,1.92,0.0,0.0,0.0,0,5000,-2.79,-3.95
102240,-2.85,-2.88,2.02,0.0,0.0,0.0,0,5000,-2.94,-4.06
102260,-2.73,-2.86,1.85,0.0,0.0,0.0,0,5000,-2.96,-4.10
102281,-2.62,-2.85,1.77,0.0,0.0,0.0,0,5000,-2.81,-4.02
102301,-2.78,-2.84,1.90,0.0,0.0,0.0,0,5004,-2.87,-3.97
102322,-2.92,-2.86,1.79,0.0,0.0,0.0,0,5000,-2.83,-4.10
102342,-2.94,-2.87,1.92,0.0,0.0,0.0,0,5000,-2.91,-4.10
102363,-2.89,-2.88,1.83,0.0,0.0,0.0,0,5000,-2.94,-4.08
102383,-2.84,-2.87,1.83,0.0,0.0,0.0,0,5000,-2.79,-4.12
102405,-2.79,-2.86,1.79,0.0,0.0,0.0,0,5004,-2.87,-4.06
102425,-2.68,-2.85,1.79,0.0,0.0,0.0,0,5004,-2.81,-3.93
102446,-2.90,-2.85,1.83,0.0,0.0,0.0,0,5000,-2.83,-4.14
102466,-3.11,-2.87,1.88,0.0,0.0,0.0,0,5004,-2.75,-3.97
102487,-2.70,-2.87,1.79,0.0,0.0,0.0,0,5004,-2.96,-4.10
102507,-2.85,-2.87,1.75,0.0,0.0,0.0,0,5004,-2.87,-4.02
102528,-2.86,-2.86,1.90,0.0,0.0,0.0,0,5000,-3.04,-4.08
102548,-2.89,-2.86,1.81,0.0,0.0,0.0,0,5004,-2.98,-4.08
102568,-2.85,-2.88,1.88,0.0,0.0,0.0,0,5004,-2.96,-4.08
102589,-2.97,-2.88,1.73,0.0,0.0,0.0,0,5004,-2.89,-4.10
102609,-2.74,-2.87,1.81,0.0,0.0,0.0,0,5000,-2.81,-4.12
102630,-3.02,-2.87,1.83,0.0,0.0,0.0,0,5000,-2.98,-4.08
102650,-2.79,-2.87,1.81,0.0,0.0,0.0,0,5000,-2.77,-4.08
102671,-2.80,-2.88,1.75,0.0,0.0,0.0,0,5004,-2.94,-4.00
102692,-2.71,-2.87,1.83,0.0,0.0,0.0,0,5004,-2.85,-4.08
102713,-2.63,-2.85,1.90,0.0,0.0,0.0,0,5000,-3.04,-3.95
102733,-3.04,-2.87,1.85,0.0,0.0,0.0,0,5000,-2.94,-4.06
102754,-2.84,-2.87,1.83,0.0,0.0,0.0,0,5004,-2.96,-4.10
102774,-2.81,-2.87,1.92,0.0,0.0,0.0,0,5004,-3.00,-4.08
102795,-2.75,-2.87,1.85,0.0,0.0,0.0,0,5004,-2.71,-4.02
102815,-2.86,-2.87,1.92,0.0,0.0,0.0,0,5004,-2.91,-4.04
102836,-3.08,-2.89,1.75,0.0,0.0,0.0,0,5000,-2.94,-4.04
102856,-2.97,-2.90,1.92,0.0,0.0,0.0,0,5004,-2.85,-4.04
102877,-2.90,-2.89,1.88,0.0,0.0,0.0,0,5000,-2.83,-4.08
102897,-2.90,-2.90,1.69,0.0,0.0,0.0,0,5000,-2.83,-4.16
102918,-2.93,-2.90,1.73,0.0,0.0,0.0,0,5004,-2.79,-4.10
102938,-2.89,-2.90,1.88,0.0,0.0,0.0,0,5004,-2.81,-4.06
102959,-3.00,-2.90,1.77,0.0,0.0,0.0,0,5004,-3.02,-4.12
102980,-2.77,-2.89,1.77,0.0,0.0,0.0,0,5000,-3.00,-4.04
103001,-3.18,-2.90,1.81,0.0,0.0,0.0,0,5000,-2.85,-3.93
103021,-2.89,-2.90,1.83,0.0,0.0,0.0,0,5000,-2.85,-4.08
103042,-3.04,-2.91,1.81,0.0,0.0,0.0,0,5000,-2.87,-4.06
103062,-2.97,-2.91,1.98,0.0,0.0,0.0,0,5000,-2.81,-3.95
103083,-2.72,-2.90,1.79,0.0,0.0,0.0,0,5004,-2.89,-4.04
103103,-3.05,-2.90,1.90,0.0,0.0,0.0,0,5000,-2.91,-4.02
103123,-3.00,-2.91,1.77,0.0,0.0,0.0,0,5000,-3.00,-4.14
103144,-2.87,-2.91,1.81,0.0,0.0,0.0,0,5000,-2.96,-4.02
103164,-2.96,-2.91,1.79,0.0,0.0,0.0,0,5004,-2.96,-4.12
103185,-2.74,-2.90,1.83,0.0,0.0,0.0,0,5004,-2.87,-4.06
103205,-2.90,-2.90,1.73,0.0,0.0,0.0,0,5000,-2.91,-4.02
103226,-2.85,-2.90,1.88,0.0,0.0,0.0,0,5000,-2.87,-4.04
103246,-2.96,-2.90,1.79,0.0,0.0,0.0,0,5000,-2.77,-4.08
103267,-3.07,-2.91,1.81,0.0,0.0,0.0,0,5004,-3.02,-4.12
103288,-2.61,-2.90,1.85,0.0,0.0,0.0,0,5004,-3.00,-4.06
103309,-2.94,-2.89,1.79,0.0,0.0,0.0,0,5004,-2.89,-4.00
103329,-2.93,-2.89,1.88,0.0,0.0,0.0,0,5004,-2.77,-4.04
103350,-3.04,-2.90,1.73,0.0,0.0,0.0,0,5004,-3.04,-4.12
103370,-2.92,-2.91,1.88,0.0,0.0,0.0,0,5000,-2.94,-3.93
103391,-2.97,-2.91,1.94,0.0,0.0,0.0,0,5004,-2.83,-4.14
103411,-2.86,-2.91,1.83,0.0,0.0,0.0,0,5000,-2.96,-4.00
103432,-2.89,-2.90,1.81,0.0,0.0,0.0,0,5000,-2.85,-4.10
103452,-2.98,-2.91,1.79,0.0,0.0,0.0,0,5000,-2.71,-4.12
103473,-3.39,-2.92,1.88,0.0,0.0,0.0,0,5004,-2.85,-4.02
103493,-2.80,-2.92,1.79,0.0,0.0,0.0,0,5000,-3.02,-4.08
103514,-2.63,-2.90,1.73,0.0,0.0,0.0,0,5004,-3.02,-4.04
103534,-2.62,-2.89,1.88,0.0,0.0,0.0,0,5000,-3.00,-4.06
103555,-2.99,-2.90,1.73,0.0,0.0,0.0,0,5000,-2.91,-4.00
103575,-2.93,-2.91,1.81,0.0,0.0,0.0,0,5004,-2.79,-4.06
103597,-2.76,-2.91,1.83,0.0,0.0,0.0,0,5000,-2.87,-4.08
103617,-2.79,-2.91,1.88,0.0,0.0,0.0,0,5004,-3.08,-4.04
103638,-2.70,-2.90,1.77,0.0,0.0,0.0,0,5004,-2.98,-4.20
103658,-2.91,-2.89,1.88,0.0,0.0,0.0,0,5000,-2.81,-3.91
103678,-3.04,-2.90,1.81,0.0,0.0,0.0,0,5000,-2.67,-4.06
103699,-2.97,-2.91,1.69,0.0,0.0,0.0,0,5004,-2.91,-4.10
103719,-2.92,-2.91,1.90,0.0,0.0,0.0,0,5004,-2.94,-4.16
103740,-2.73,-2.90,1.69,0.0,0.0,0.0,0,5004,-2.91,-4.12
103760,-2.77,-2.89,1.41,0.0,0.0,0.0,0,5000,-3.02,-4.10
103781,-2.95,-2.89,1.90,0.0,0.0,0.0,0,5000,-2.57,-4.02
103801,-2.78,-2.90,1.69,0.0,0.0,0.0,0,5004,-3.10,-4.00
103822,-2.70,-2.92,1.79,0.0,0.0,0.0,0,5004,-2.89,-4.08
103842,-3.14,-2.92,2.08,0.0,0.0,0.0,0,5000,-2.73,-3.89
103863,-2.30,-2.90,1.75,0.0,0.0,0.0,0,5000,-2.83,-4.12
103883,-2.80,-2.89,1.73,0.0,0.0,0.0,0,5004,-2.89,-4.04
103905,-3.18,-2.89,2.02,0.0,0.0,0.0,0,5000,-2.91,-4.00
103925,-3.45,-2.90,1.65,0.0,0.0,0.0,0,5000,-2.79,-3.97
103946,-3.28,-2.94,1.79,0.0,0.0,0.0,0,5004,-2.87,-4.10
103966,-2.38,-2.91,1.79,0.0,0.0,0.0,0,5004,-2.63,-4.08
103987,-2.65,-2.89,1.94,0.0,0.0,0.0,0,5000,-2.51,-4.12
104007,-2.72,-2.87,1.55,0.0,0.0,0.0,0,5000,-3.34,-4.04
104028,-3.38,-2.90,1.83,0.0,0.0,0.0,0,5000,-3.00,-4.10
104048,-3.29,-2.92,2.28,0.0,0.0,0.0,0,5004,-2.61,-3.95
104069,-2.98,-2.93,1.77,0.0,0.0,0.0,0,5000,-3.10,-4.00
104089,-2.48,-2.90,1.69,0.0,0.0,0.0,0,5004,-2.57,-4.08
104110,-2.84,-2.87,1.73,0.0,0.0,0.0,0,5004,-2.71,-4.02
104130,-2.84,-2.88,1.88,0.0,0.0,0.0,0,5004,-2.57,-4.18
104151,-3.48,-2.90,1.65,0.0,0.0,0.0,0,5004,-3.42,-3.91
104171,-3.08,-2.93,1.79,0.0,0.0,0.0,0,5000,-2.96,-4.14
104192,-2.41,-2.89,1.94,0.0,0.0,0.0,0,5000,-2.65,-3.91
104213,-2.66,-2.89,1.85,0.0,0.0,0.0,0,5000,-2.77,-4.06
104233,-2.65,-2.87,1.65,0.0,0.0,0.0,0,5004,-2.98,-3.95
104254,-3.41,-2.90,1.83,0.0,0.0,0.0,0,5000,-2.75,-4.12
104274,-2.89,-2.91,1.94,0.0,0.0,0.0,0,5004,-2.71,-4.10
104295,-3.11,-2.93,1.96,0.0,0.0,0.0,0,5000,-2.77,-4.02
104315,-2.40,-2.91,1.63,0.0,0.0,0.0,0,5004,-3.18,-4.04
104336,-2.69,-2.88,1.88,0.0,0.0,0.0,0,5000,-2.73,-3.91
104356,-2.69,-2.87,1.94,0.0,0.0,0.0,0,5000,-2.67,-4.16
104377,-2.99,-2.86,1.59,0.0,0.0,0.0,0,5004,-2.77,-4.12
104397,-3.23,-2.89,2.20,0.0,0.0,0.0,0,5000,-2.71,-4.00
104418,-2.98,-2.90,1.69,0.0,0.0,0.0,0,5004,-3.53,-3.93
104438,-2.86,-2.89,2.14,0.0,0.0,0.0,0,5000,-2.87,-4.06
104459,-2.55,-2.87,1.65,0.0,0.0,0.0,0,5004,-3.02,-3.97
104479,-2.79,-2.85,2.06,0.0,0.0,0.0,0,5004,-2.43,-4.12
104501,-2.93,-2.85,1.57,0.0,0.0,0.0,0,5000,-3.24,-3.97
104521,-3.58,-2.88,1.98,0.0,0.0,0.0,0,5004,-2.51,-4.16
104542,-3.19,-2.90,2.04,0.0,0.0,0.0,0,5004,-3.32,-4.00
104562,-2.50,-2.89,1.83,0.0,0.0,0.0,0,5000,-2.87,-4.14
104583,-2.66,-2.85,1.85,0.0,0.0,0.0,0,5000,-2.71,-4.04
104603,-2.73,-2.84,1.83,0.0,0.0,0.0,0,5004,-2.55,-4.12
104624,-3.34,-2.85,1.69,0.0,0.0,0.0,0,5000,-2.89,-3.97
104644,-3.36,-2.90,1.69,0.0,0.0,0.0,0,5004,-3.12,-4.16
104665,-2.51,-2.89,1.55,0.0,0.0,0.0,0,5004,-2.83,-4.04
104685,-2.63,-2.86,1.75,0.0,0.0,0.0,0,5000,-2.79,-4.12
104706,-2.34,-2.84,1.71,0.0,0.0,0.0,0,5004,-2.91,-4.06
104726,-3.35,-2.86,1.71,0.0,0.0,0.0,0,5000,-2.73,-4.06
104747,-3.20,-2.88,1.90,0.0,0.0,0.0,0,5000,-2.87,-3.97
104767,-3.08,-2.91,2.02,0.0,0.0,0.0,0,5000,-2.77,-3.97
104788,-2.45,-2.89,1.85,0.0,0.0,0.0,0,5000,-3.08,-4.10
104809,-2.54,-2.85,1.94,0.0,0.0,0.0,0,5000,-3.00,-4.02
104829,-2.88,-2.85,1.75,0.0,0.0,0.0,0,5004,-2.73,-4.16
104850,-3.53,-2.88,1.75,0.0,0.0,0.0,0,5004,-2.87,-4.06
104870,-3.22,-2.91,1.88,0.0,0.0,0.0,0,5000,-2.81,-4.20
104891,-2.68,-2.90,1.83,0.0,0.0,0.0,0,5000,-3.06,-4.00
104911,-2.49,-2.89,1.94,0.0,0.0,0.0,0,5000,-2.89,-4.06
104932,-2.75,-2.86,1.85,0.0,0.0,0.0,0,5004,-3.12,-4.02
104952,-3.23,-2.88,1.81,0.0,0.0,0.0,0,5000,-2.81,-4.08
104973,-3.17,-2.90,1.65,0.0,0.0,0.0,0,5000,-2.75,-4.02
104993,-3.12,-2.91,2.32,0.0,0.0,0.0,0,5004,-2.43,-3.95
105014,-2.73,-2.92,1.61,0.0,0.0,0.0,0,5004,-3.65,-4.06
105034,-2.74,-2.90,1.92,0.0,0.0,0.0,0,5004,-3.04,-3.95
105055,-2.78,-2.88,1.77,0.0,0.0,0.0,0,5000,-2.73,-3.97
105075,-2.62,-2.88,1.92,0.0,0.0,0.0,0,5000,-2.43,-4.26
105097,-2.84,-2.88,1.57,0.0,0.0,0.0,0,5000,-3.16,-4.00
105117,-3.04,-2.88,1.92,0.0,0.0,0.0,0,5000,-2.63,-4.14
105138,-3.05,-2.88,1.92,0.0,0.0,0.0,0,5000,-3.06,-3.93
105158,-2.65,-2.88,1.59,0.0,0.0,0.0,0,5004,-3.10,-4.06
105179,-2.83,-2.87,1.79,0.0,0.0,0.0,0,5000,-2.89,-4.08
105199,-3.32,-2.89,1.88,0.0,0.0,0.0,0,5000,-2.41,-4.06
105220,-3.20,-2.90,1.79,0.0,0.0,0.0,0,5000,-2.85,-4.08
105240,-3.01,-2.92,1.79,0.0,0.0,0.0,0,5000,-3.02,-4.10
105261,-2.42,-2.90,1.94,0.0,0.0,0.0,0,5000,-2.91,-3.97
105281,-2.76,-2.87,1.88,0.0,0.0,0.0,0,5000,-2.85,-4.02
105302,-2.79,-2.87,1.75,0.0,0.0,0.0,0,5000,-3.14,-4.20
105322,-3.42,-2.88,2.26,0.0,0.0,0.0,0,5000,-2.94,-3.91
105342,-2.81,-2.90,1.81,0.0,0.0,0.0,0,5004,-2.63,-4.06
105363,-3.14,-2.90,1.88,0.0,0.0,0.0,0,5000,-2.94,-4.14
105384,-2.53,-2.88,1.57,0.0,0.0,0.0,0,5000,-3.26,-4.12
105405,-2.66,-2.85,2.02,0.0,0.0,0.0,0,5000,-2.45,-3.95
105425,-3.11,-2.86,1.67,0.0,0.0,0.0,0,5000,-3.02,-4.00
105446,-3.02,-2.89,2.06,0.0,0.0,0.0,0,5000,-2.94,-4.12
105466,-2.87,-2.89,1.81,0.0,0.0,0.0,0,5000,-2.73,-4.04
105487,-2.91,-2.88,1.98,0.0,0.0,0.0,0,5000,-2.85,-4.12
105507,-3.01,-2.88,1.67,0.0,0.0,0.0,0,5004,-3.32,-4.10
105528,-2.67,-2.87,1.61,0.0,0.0,0.0,0,5004,-3.08,-4.08
105548,-2.96,-2.86,1.77,0.0,0.0,0.0,0,5004,-2.57,-4.14
105569,-3.07,-2.88,1.79,0.0,0.0,0.0,0,5000,-2.55,-4.02
105589,-2.93,-2.90,1.90,0.0,0.0,0.0,0,5004,-3.00,-4.04
105610,-2.85,-2.91,1.88,0.0,0.0,0.0,0,5000,-3.04,-4.12
105630,-2.37,-2.88,1.77,0.0,0.0,0.0,0,5000,-2.94,-4.06
105651,-2.78,-2.86,1.73,0.0,0.0,0.0,0,5000,-2.71,-4.14
105672,-3.07,-2.87,1.71,0.0,0.0,0.0,0,5004,-3.06,-4.10
105693,-3.31,-2.90,1.90,0.0,0.0,0.0,0,5000,-2.73,-4.04
105713,-3.04,-2.92,1.96,0.0,0.0,0.0,0,5000,-2.79,-4.02
105734,-2.53,-2.90,1.92,0.0,0.0,0.0,0,5004,-2.91,-3.89
105754,-2.69,-2.87,1.61,0.0,0.0,0.0,0,5000,-3.22,-4.04
105775,-2.88,-2.86,1.53,0.0,0.0,0.0,0,5000,-2.94,-4.08
105795,-3.89,-2.91,2.22,0.0,0.0,0.0,0,5004,-1.96,-4.00
105816,-3.04,-2.93,1.59,0.0,0.0,0.0,0,5000,-3.49,-4.04
105836,-2.81,-2.92,1.98,0.0,0.0,0.0,0,5004,-3.02,-4.08
105857,-2.74,-2.89,1.90,0.0,0.0,0.0,0,5004,-2.87,-3.95
105877,-3.06,-2.89,1.85,0.0,0.0,0.0,0,5004,-2.91,-4.12
105897,-3.33,-2.91,1.73,0.0,0.0,0.0,0,5000,-3.06,-4.14
105918,-2.53,-2.90,1.85,0.0,0.0,0.0,0,5004,-2.63,-4.08
105938,-2.68,-2.89,1.92,0.0,0.0,0.0,0,5004,-2.51,-4.08
105960,-3.05,-2.89,1.73,0.0,0.0,0.0,0,5004,-3.28,-4.14
105980,-2.86,-2.90,1.77,0.0,0.0,0.0,0,5000,-3.04,-4.08
106001,-3.26,-2.91,1.79,0.0,0.0,0.0,0,5004,-2.69,-4.02
106021,-2.94,-2.92,1.83,0.0,0.0,0.0,0,5000,-2.73,-3.97
106042,-2.59,-2.91,1.83,0.0,0.0,0.0,0,5000,-2.83,-4.12
106062,-2.37,-2.87,1.59,0.0,0.0,0.0,0,5004,-3.22,-4.08
106083,-2.99,-2.86,2.04,0.0,0.0,0.0,0,5000,-2.26,-4.06
106103,-3.60,-2.89,1.67,0.0,0.0,0.0,0,5004,-3.36,-4.10
106124,-3.43,-2.93,1.88,0.0,0.0,0.0,0,5000,-2.98,-4.02
106144,-2.73,-2.93,1.79,0.0,0.0,0.0,0,5000,-2.67,-4.02
106165,-2.58,-2.90,2.18,0.0,0.0,0.0,0,5004,-2.30,-4.02
106185,-2.83,-2.88,1.67,0.0,0.0,0.0,0,5004,-3.42,-4.06
106206,-2.78,-2.88,1.71,0.0,0.0,0.0,0,5004,-3.28,-4.10
106226,-3.05,-2.88,1.90,0.0,0.0,0.0,0,5000,-2.69,-4.02
106248,-2.96,-2.90,1.98,0.0,0.0,0.0,0,5000,-2.53,-3.89
106268,-2.13,-2.89,2.30,0.0,0.0,0.0,0,5000,-2.79,-4.00
106289,-2.64,-2.90,1.88,0.0,0.0,0.0,0,5004,-2.94,-4.16
106309,-2.45,-2.87,1.61,0.0,0.0,0.0,0,5000,-3.40,-3.93
106330,-3.28,-2.89,1.94,0.0,0.0,0.0,0,5004,-2.69,-4.04
106350,-2.66,-2.89,1.90,0.0,0.0,0.0,0,5000,-2.69,-4.12
106371,-2.51,-2.88,1.92,0.0,0.0,0.0,0,5000,-2.71,-3.97
106391,-2.38,-2.87,2.04,0.0,0.0,0.0,0,5004,-2.94,-4.00
106412,-3.25,-2.88,1.81,0.0,0.0,0.0,0,5000,-2.96,-4.06
106432,-2.88,-2.89,1.88,0.0,0.0,0.0,0,5004,-3.34,-4.14
106452,-3.24,-2.91,1.85,0.0,0.0,0.0,0,5000,-3.00,-4.14
106473,-2.47,-2.88,2.08,0.0,0.0,0.0,0,5000,-2.85,-3.97
106493,-2.59,-2.86,2.00,0.0,0.0,0.0,0,5004,-2.41,-4.06
106514,-3.15,-2.85,1.67,0.0,0.0,0.0,0,5000,-3.00,-4.08
106534,-3.51,-2.89,1.77,0.0,0.0,0.0,0,5000,-3.04,-4.00
106556,-3.27,-2.92,1.94,0.0,0.0,0.0,0,5004,-2.91,-4.08
106576,-2.21,-2.89,1.67,0.0,0.0,0.0,0,5004,-3.00,-3.97
106597,-2.40,-2.85,1.92,0.0,0.0,0.0,0,5000,-2.65,-4.08
106617,-2.85,-2.84,1.57,0.0,0.0,0.0,0,5004,-2.85,-4.02
106638,-3.57,-2.88,1.94,0.0,0.0,0.0,0,5000,-2.51,-4.08
106658,-3.68,-2.94,2.18,0.0,0.0,0.0,0,5004,-2.75,-4.04
106679,-2.23,-2.92,1.90,0.0,0.0,0.0,0,5000,-3.36,-4.02
106699,-2.00,-2.85,2.04,0.0,0.0,0.0,0,5004,-2.91,-4.08
106720,-2.52,-2.81,1.63,0.0,0.0,0.0,0,5000,-3.08,-3.93
106740,-3.57,-2.85,1.85,0.0,0.0,0.0,0,5000,-2.47,-4.12
106761,-3.73,-2.90,2.04,0.0,0.0,0.0,0,5000,-2.71,-4.00
106781,-2.87,-2.92,1.79,0.0,0.0,0.0,0,5004,-3.28,-4.06
106802,-2.40,-2.88,2.06,0.0,0.0,0.0,0,5000,-3.36,-3.97
106822,-2.51,-2.85,1.85,0.0,0.0,0.0,0,5000,-2.79,-3.93
106843,-3.27,-2.86,1.73,0.0,0.0,0.0,0,5004,-2.79,-4.16
106864,-3.55,-2.91,1.85,0.0,0.0,0.0,0,5000,-2.49,-4.06
106885,-3.31,-2.92,2.02,0.0,0.0,0.0,0,5004,-2.96,-3.89
106905,-2.89,-2.92,2.00,0.0,0.0,0.0,0,5004,-2.49,-4.06
106926,-2.86,-2.88,1.57,0.0,0.0,0.0,0,5000,-3.40,-4.08
106946,-2.67,-2.87,1.73,0.0,0.0,0.0,0,5000,-3.00,-4.10
106967,-3.28,-2.87,1.98,0.0,0.0,0.0,0,5000,-2.51,-4.02
106987,-3.62,-2.92,1.69,0.0,0.0,0.0,0,5000,-2.91,-4.08
107008,-3.14,-2.96,1.75,0.0,0.0,0.0,0,5004,-2.77,-4.12
107028,-2.43,-2.92,1.92,0.0,0.0,0.0,0,5004,-2.73,-3.91
107048,-2.43,-2.88,1.98,0.0,0.0,0.0,0,5000,-2.89,-4.08
107069,-3.09,-2.88,1.57,0.0,0.0,0.0,0,5000,-3.22,-4.12
107089,-3.21,-2.91,1.71,0.0,0.0,0.0,0,5004,-2.83,-3.97
107110,-3.01,-2.92,2.10,0.0,0.0,0.0,0,5004,-2.22,-3.97
107130,-2.70,-2.92,1.85,0.0,0.0,0.0,0,5000,-2.94,-4.06
107152,-2.31,-2.86,1.77,0.0,0.0,0.0,0,5000,-3.38,-4.12
107172,-2.39,-2.83,1.49,0.0,0.0,0.0,0,5004,-3.12,-4.08
107193,-3.45,-2.86,1.88,0.0,0.0,0.0,0,5000,-2.38,-4.18
107213,-2.75,-2.88,1.85,0.0,0.0,0.0,0,5000,-2.87,-4.10
107234,-2.49,-2.88,2.00,0.0,0.0,0.0,0,5000,-2.63,-4.08
107254,-2.14,-2.82,1.81,0.0,0.0,0.0,0,5000,-2.77,-3.91
107275,-2.83,-2.80,1.77,0.0,0.0,0.0,0,5004,-2.77,-4.12
107295,-3.10,-2.84,1.67,0.0,0.0,0.0,0,5000,-3.42,-4.02
107316,-2.98,-2.86,1.98,0.0,0.0,0.0,0,5000,-2.63,-3.97
107336,-2.84,-2.86,1.88,0.0,0.0,0.0,0,5004,-2.43,-3.97
107357,-2.58,-2.84,1.85,0.0,0.0,0.0,0,5004,-2.77,-4.12
107377,-2.64,-2.81,1.59,0.0,0.0,0.0,0,5000,-3.32,-4.08
107398,-2.93,-2.81,1.88,0.0,0.0,0.0,0,5004,-2.87,-4.08
107418,-3.42,-2.85,1.83,0.0,0.0,0.0,0,5000,-2.73,-4.06
107440,-2.62,-2.86,1.81,0.0,0.0,0.0,0,5004,-2.96,-4.08
107460,-2.54,-2.84,1.90,0.0,0.0,0.0,0,5004,-2.59,-4.08
107481,-2.62,-2.81,1.75,0.0,0.0,0.0,0,5004,-2.85,-4.12
107501,-3.10,-2.83,1.73,0.0,0.0,0.0,0,5000,-3.02,-4.08
107522,-3.24,-2.86,1.94,0.0,0.0,0.0,0,5000,-3.14,-3.97
107542,-2.87,-2.86,1.83,0.0,0.0,0.0,0,5000,-2.79,-4.12
107563,-2.57,-2.85,2.30,0.0,0.0,0.0,0,5004,-2.75,-4.06
107583,-2.64,-2.84,1.65,0.0,0.0,0.0,0,5000,-3.18,-4.14
107603,-3.19,-2.86,1.77,0.0,0.0,0.0,0,5004,-2.85,-4.12
107624,-3.19,-2.87,1.73,0.0,0.0,0.0,0,5000,-2.87,-4.06
107644,-2.54,-2.88,1.81,0.0,0.0,0.0,0,5000,-2.73,-4.08
107665,-2.79,-2.87,1.69,0.0,0.0,0.0,0,5000,-3.06,-4.00
107685,-2.81,-2.86,1.75,0.0,0.0,0.0,0,5000,-2.71,-4.28
107706,-2.85,-2.85,1.75,0.0,0.0,0.0,0,5004,-2.83,-4.00
107726,-3.26,-2.90,2.08,0.0,0.0,0.0,0,5000,-2.79,-4.02
107748,-2.38,-2.91,1.79,0.0,0.0,0.0,0,5000,-3.00,-4.00
107768,-2.53,-2.88,1.75,0.0,0.0,0.0,0,5000,-2.79,-4.00
107789,-2.41,-2.85,1.85,0.0,0.0,0.0,0,5000,-2.89,-4.00
107809,-3.37,-2.87,1.85,0.0,0.0,0.0,0,5000,-3.00,-4.08
107830,-3.01,-2.90,1.77,0.0,0.0,0.0,0,5004,-3.08,-4.12
107850,-2.80,-2.90,1.94,0.0,0.0,0.0,0,5004,-2.67,-4.08
107871,-2.55,-2.88,1.98,0.0,0.0,0.0,0,5004,-2.83,-4.00
107891,-2.62,-2.86,1.73,0.0,0.0,0.0,0,5000,-3.02,-3.97
107912,-2.84,-2.85,1.71,0.0,0.0,0.0,0,5000,-2.96,-4.02
107932,-3.30,-2.88,1.94,0.0,0.0,0.0,0,5004,-2.91,-4.02
107953,-2.93,-2.90,1.81,0.0,0.0,0.0,0,5000,-2.87,-4.06
107973,-2.74,-2.88,1.83,0.0,0.0,0.0,0,5004,-3.04,-4.14
107994,-2.29,-2.85,1.75,0.0,0.0,0.0,0,5000,-2.79,-4.14
108014,-2.81,-2.84,1.92,0.0,0.0,0.0,0,5000,-2.77,-4.14
108035,-3.23,-2.86,1.88,0.0,0.0,0.0,0,5004,-2.91,-4.14
108056,-2.91,-2.87,1.83,0.0,0.0,0.0,0,5004,-2.94,-4.08
108077,-3.04,-2.88,1.90,0.0,0.0,0.0,0,5000,-2.81,-4.00
108097,-2.53,-2.85,1.77,0.0,0.0,0.0,0,5000,-2.81,-4.04
108118,-2.93,-2.85,1.90,0.0,0.0,0.0,0,5004,-2.75,-4.16
108138,-2.70,-2.85,1.67,0.0,0.0,0.0,0,5004,-2.89,-4.06
108158,-2.90,-2.87,1.98,0.0,0.0,0.0,0,5004,-2.57,-4.00
108179,-2.87,-2.88,1.81,0.0,0.0,0.0,0,5000,-2.98,-4.00
108199,-2.65,-2.88,1.85,0.0,0.0,0.0,0,5000,-3.04,-4.06
108220,-2.60,-2.85,1.85,0.0,0.0,0.0,0,5004,-2.85,-4.08
108240,-2.68,-2.84,1.77,0.0,0.0,0.0,0,5000,-2.71,-4.02
108261,-3.07,-2.85,1.81,0.0,0.0,0.0,0,5000,-2.77,-4.04
108281,-2.88,-2.87,1.73,0.0,0.0,0.0,0,5000,-2.91,-4.08
108302,-2.85,-2.88,1.96,0.0,0.0,0.0,0,5000,-2.89,-4.12
108322,-2.81,-2.88,2.26,0.0,0.0,0.0,0,5000,-2.83,-4.02
108344,-2.89,-2.88,1.73,0.0,0.0,0.0,0,5000,-3.47,-4.10
108364,-3.09,-2.89,1.88,0.0,0.0,0.0,0,5004,-2.34,-4.00
108385,-3.02,-2.89,1.73,0.0,0.0,0.0,0,5000,-2.47,-4.14
108405,-2.72,-2.90,1.94,0.0,0.0,0.0,0,5004,-2.63,-4.16
108426,-2.84,-2.89,1.79,0.0,0.0,0.0,0,5008,-3.04,-3.91
108446,-2.78,-2.88,1.77,0.0,0.0,0.0,0,5004,-3.26,-4.12
108467,-2.81,-2.85,1.45,0.0,0.0,0.0,0,5004,-2.87,-4.06
108487,-2.95,-2.85,1.63,0.0,0.0,0.0,0,5004,-2.67,-4.12
108508,-3.03,-2.87,1.81,0.0,0.0,0.0,0,5004,-2.89,-4.10
108528,-2.97,-2.88,1.77,0.0,0.0,0.0,0,5000,-3.06,-4.02
108549,-2.68,-2.87,1.75,0.0,0.0,0.0,0,5004,-2.89,-4.10
108569,-2.97,-2.86,1.85,0.0,0.0,0.0,0,5000,-2.85,-4.06
108590,-2.73,-2.85,1.67,0.0,0.0,0.0,0,5000,-3.12,-4.10
108611,-2.87,-2.85,1.88,0.0,0.0,0.0,0,5000,-2.67,-3.91
108632,-3.07,-2.86,1.79,0.0,0.0,0.0,0,5000,-2.81,-4.02
108652,-3.03,-2.86,1.92,0.0,0.0,0.0,0,5000,-2.79,-4.12
108673,-2.79,-2.86,1.85,0.0,0.0,0.0,0,5000,-2.98,-4.08
108693,-2.73,-2.85,1.92,0.0,0.0,0.0,0,5004,-3.10,-4.06
108713,-3.05,-2.85,1.88,0.0,0.0,0.0,0,5000,-2.98,-4.04
108734,-3.16,-2.87,1.73,0.0,0.0,0.0,0,5004,-2.85,-4.10
108754,-2.99,-2.89,1.85,0.0,0.0,0.0,0,5004,-2.69,-4.06
108775,-2.85,-2.88,1.81,0.0,0.0,0.0,0,5000,-2.91,-4.06
108795,-2.54,-2.87,1.77,0.0,0.0,0.0,0,5000,-3.00,-4.10
108816,-2.63,-2.84,1.81,0.0,0.0,0.0,0,5000,-2.91,-4.02
108836,-3.00,-2.85,1.67,0.0,0.0,0.0,0,5004,-3.00,-4.14
108857,-3.14,-2.87,1.88,0.0,0.0,0.0,0,5000,-2.69,-4.14
108877,-2.95,-2.89,1.90,0.0,0.0,0.0,0,5004,-2.81,-4.08
108899,-2.60,-2.86,1.90,0.0,0.0,0.0,0,5004,-2.79,-4.02
108919,-2.60,-2.84,1.83,0.0,0.0,0.0,0,5004,-2.89,-4.10
108940,-2.75,-2.83,1.81,0.0,0.0,0.0,0,5004,-2.89,-4.08
108960,-3.08,-2.84,1.79,0.0,0.0,0.0,0,5004,-3.04,-4.00
108981,-3.07,-2.87,1.81,0.0,0.0,0.0,0,5004,-2.94,-4.12
109001,-2.88,-2.87,2.04,0.0,0.0,0.0,0,5000,-2.63,-3.87
109022,-2.48,-2.85,1.79,0.0,0.0,0.0,0,5000,-2.73,-4.08
109042,-2.54,-2.84,1.77,0.0,0.0,0.0,0,5000,-2.96,-4.18
109063,-3.02,-2.85,1.75,0.0,0.0,0.0,0,5000,-2.98,-4.10
109083,-3.07,-2.86,1.98,0.0,0.0,0.0,0,5000,-2.85,-4.02
109104,-2.86,-2.87,1.83,0.0,0.0,0.0,0,5000,-2.91,-4.00
109124,-2.66,-2.87,1.75,0.0,0.0,0.0,0,5000,-2.87,-4.10
109145,-2.80,-2.85,1.77,0.0,0.0,0.0,0,5004,-2.81,-3.93
109165,-3.00,-2.86,1.85,0.0,0.0,0.0,0,5000,-2.83,-4.00
109186,-3.14,-2.87,1.88,0.0,0.0,0.0,0,5000,-3.04,-4.06
109207,-2.86,-2.88,1.77,0.0,0.0,0.0,0,5004,-2.91,-4.08
109228,-2.75,-2.86,1.77,0.0,0.0,0.0,0,5000,-2.87,-4.06
109248,-2.76,-2.85,1.92,0.0,0.0,0.0,0,5000,-2.77,-4.08
109268,-2.98,-2.86,1.81,0.0,0.0,0.0,0,5000,-2.81,-4.08
109289,-3.30,-2.89,1.85,0.0,0.0,0.0,0,5008,-2.75,-3.95
109309,-2.81,-2.89,1.90,0.0,0.0,0.0,0,5000,-2.89,-4.02
109330,-2.62,-2.88,1.85,0.0,0.0,0.0,0,5004,-3.02,-3.97
109350,-2.74,-2.86,1.92,0.0,0.0,0.0,0,5000,-2.85,-4.10
109371,-2.88,-2.86,1.92,0.0,0.0,0.0,0,5000,-2.73,-4.12
109391,-2.91,-2.88,1.73,0.0,0.0,0.0,0,5000,-2.79,-4.08
109412,-3.06,-2.88,1.92,0.0,0.0,0.0,0,5004,-2.79,-4.02
109432,-2.75,-2.87,1.92,0.0,0.0,0.0,0,5004,-2.98,-4.04
109453,-2.66,-2.85,1.90,0.0,0.0,0.0,0,5000,-2.85,-4.10
109473,-2.84,-2.85,1.79,0.0,0.0,0.0,0,5004,-2.89,-4.12
109495,-2.74,-2.85,1.90,0.0,0.0,0.0,0,5004,-2.89,-4.12
109515,-2.81,-2.84,1.85,0.0,0.0,0.0,0,5000,-2.81,-4.16
109536,-2.82,-2.84,1.77,0.0,0.0,0.0,0,5004,-2.65,-4.00
109556,-2.82,-2.83,1.88,0.0,0.0,0.0,0,5004,-2.85,-4.04
109577,-2.78,-2.82,1.77,0.0,0.0,0.0,0,5000,-2.96,-3.95
109597,-3.05,-2.83,1.90,0.0,0.0,0.0,0,5000,-2.87,-4.12
109618,-2.71,-2.83,1.77,0.0,0.0,0.0,0,5004,-2.87,-4.06
109638,-3.03,-2.84,1.83,0.0,0.0,0.0,0,5000,-2.85,-4.08
109659,-2.75,-2.83,1.81,0.0,0.0,0.0,0,5000,-2.73,-4.06
109679,-2.79,-2.81,1.83,0.0,0.0,0.0,0,5000,-3.02,-4.14
109700,-2.92,-2.80,1.85,0.0,0.0,0.0,0,5000,-2.91,-4.10
109720,-2.87,-2.81,1.75,0.0,0.0,0.0,0,5000,-3.00,-4.00
109741,-2.54,-2.80,1.51,0.0,0.0,0.0,0,5004,-2.81,-4.12
109761,-2.96,-2.80,1.92,0.0,0.0,0.0,0,5000,-2.65,-4.16
109783,-2.92,-2.81,1.73,0.0,0.0,0.0,0,5000,-2.87,-4.16
109803,-2.77,-2.82,1.88,0.0,0.0,0.0,0,5004,-2.83,-4.04
109824,-2.75,-2.83,1.73,0.0,0.0,0.0,0,5004,-2.96,-4.04
109844,-2.68,-2.81,1.75,0.0,0.0,0.0,0,5000,-2.85,-4.04
109864,-3.09,-2.82,1.81,0.0,0.0,0.0,0,5004,-2.83,-4.08
109885,-2.68,-2.82,1.83,0.0,0.0,0.0,0,5000,-2.81,-3.91
109905,-3.36,-2.83,2.00,0.0,0.0,0.0,0,5000,-2.73,-4.14
109926,-2.70,-2.84,1.67,0.0,0.0,0.0,0,5000,-3.12,-4.16
109946,-2.81,-2.83,1.88,0.0,0.0,0.0,0,5000,-2.69,-4.02
109967,-2.58,-2.82,1.92,0.0,0.0,0.0,0,5004,-2.81,-4.00
109987,-2.90,-2.83,1.81,0.0,0.0,0.0,0,5004,-2.85,-3.97
110008,-2.75,-2.83,1.85,0.0,0.0,0.0,0,5000,-3.00,-4.02
110028,-2.89,-2.82,1.98,0.0,0.0,0.0,0,5000,-2.96,-4.18
110049,-2.83,-2.82,1.98,0.0,0.0,0.0,0,5000,-2.87,-4.02
110070,-2.72,-2.81,1.83,0.0,0.0,0.0,0,5004,-2.98,-4.02
110091,-3.10,-2.81,1.90,0.0,0.0,0.0,0,5004,-2.63,-4.10
110111,-2.71,-2.81,1.77,0.0,0.0,0.0,0,5000,-2.87,-4.00
110132,-3.04,-2.83,1.90,0.0,0.0,0.0,0,5000,-2.87,-4.06
110152,-2.97,-2.84,1.88,0.0,0.0,0.0,0,5000,-3.16,-4.04
110173,-2.73,-2.83,1.92,0.0,0.0,0.0,0,5000,-2.65,-4.14
110193,-2.70,-2.82,1.77,0.0,0.0,0.0,0,5004,-3.04,-4.08
110214,-2.68,-2.81,1.83,0.0,0.0,0.0,0,5004,-2.63,-4.02
110234,-3.09,-2.82,1.57,0.0,0.0,0.0,0,5004,-2.87,-3.97
110255,-3.21,-2.85,1.75,0.0,0.0,0.0,0,5004,-2.87,-4.02
110275,-2.91,-2.86,1.83,0.0,0.0,0.0,0,5000,-2.91,-4.12
110296,-2.36,-2.84,1.65,0.0,0.0,0.0,0,5004,-3.22,-4.14
110316,-2.77,-2.83,2.04,0.0,0.0,0.0,0,5000,-2.53,-4.02
110338,-3.01,-2.83,1.63,0.0,0.0,0.0,0,5000,-3.04,-4.00
110358,-3.12,-2.86,1.79,0.0,0.0,0.0,0,5000,-2.83,-4.22
110379,-2.85,-2.86,1.79,0.0,0.0,0.0,0,5000,-2.69,-4.04
110399,-3.20,-2.86,2.47,0.0,0.0,0.0,0,5000,-3.06,-3.87
110419,-2.72,-2.84,1.73,0.0,0.0,0.0,0,5004,-3.14,-3.91
110440,-3.06,-2.84,1.61,0.0,0.0,0.0,0,5004,-2.85,-4.28
110460,-2.67,-2.83,1.90,0.0,0.0,0.0,0,5000,-2.63,-3.91
110481,-3.04,-2.84,1.88,0.0,0.0,0.0,0,5004,-2.59,-3.97
110501,-2.97,-2.85,1.94,0.0,0.0,0.0,0,5000,-3.24,-4.00
110522,-2.74,-2.85,1.90,0.0,0.0,0.0,0,5004,-2.87,-4.14
110542,-2.73,-2.84,1.96,0.0,0.0,0.0,0,5004,-2.57,-4.06
110563,-2.84,-2.84,1.83,0.0,0.0,0.0,0,5004,-3.00,-4.12
110583,-2.59,-2.82,1.73,0.0,0.0,0.0,0,5000,-3.20,-4.06
110604,-3.26,-2.83,1.90,0.0,0.0,0.0,0,5004,-2.43,-4.00
110625,-2.86,-2.83,1.67,0.0,0.0,0.0,0,5000,-3.10,-4.10
110646,-3.14,-2.84,1.85,0.0,0.0,0.0,0,5004,-2.75,-4.00
110666,-2.57,-2.84,1.61,0.0,0.0,0.0,0,5004,-3.08,-4.14
110687,-2.94,-2.83,2.06,0.0,0.0,0.0,0,5004,-2.43,-4.12
110707,-3.08,-2.84,1.79,0.0,0.0,0.0,0,5000,-3.18,-4.10
110728,-2.58,-2.83,1.79,0.0,0.0,0.0,0,5004,-3.04,-3.89
110748,-3.12,-2.83,1.94,0.0,0.0,0.0,0,5000,-2.69,-4.04
110769,-2.68,-2.83,1.75,0.0,0.0,0.0,0,5000,-2.55,-3.91
110789,-3.08,-2.85,1.81,0.0,0.0,0.0,0,5004,-3.08,-4.22
110810,-2.57,-2.84,1.79,0.0,0.0,0.0,0,5004,-3.12,-4.04
110830,-2.93,-2.85,1.79,0.0,0.0,0.0,0,5004,-2.79,-4.04
110851,-2.80,-2.85,1.79,0.0,0.0,0.0,0,5004,-2.81,-3.91
110871,-2.62,-2.84,1.67,0.0,0.0,0.0,0,5000,-3.02,-4.06
110892,-2.97,-2.86,1.81,0.0,0.0,0.0,0,5004,-2.79,-4.14
110913,-2.76,-2.86,1.92,0.0,0.0,0.0,0,5000,-2.71,-4.12
110934,-2.63,-2.86,1.94,0.0,0.0,0.0,0,5000,-3.00,-4.00
110954,-2.09,-2.85,1.59,0.0,0.0,0.0,0,5004,-3.24,-4.18
110974,-2.75,-2.84,2.47,0.0,0.0,0.0,0,5004,-2.36,-4.06
110995,-3.37,-2.87,1.77,0.0,0.0,0.0,0,5000,-3.36,-4.02
111015,-3.34,-2.90,1.92,0.0,0.0,0.0,0,5000,-2.85,-4.00
111036,-2.91,-2.91,1.69,0.0,0.0,0.0,0,5000,-2.65,-4.04
111056,-2.19,-2.88,2.18,0.0,0.0,0.0,0,5004,-2.45,-4.08
111077,-2.93,-2.86,1.67,0.0,0.0,0.0,0,5000,-3.61,-4.02
111097,-2.91,-2.87,1.71,0.0,0.0,0.0,0,5000,-3.08,-4.28
111118,-3.18,-2.86,1.94,0.0,0.0,0.0,0,5000,-2.43,-3.93
111138,-2.71,-2.88,1.96,0.0,0.0,0.0,0,5004,-2.41,-4.10
111159,-2.68,-2.86,1.79,0.0,0.0,0.0,0,5000,-2.96,-4.14
111180,-2.46,-2.83,2.00,0.0,0.0,0.0,0,5000,-3.22,-4.20
111201,-3.29,-2.83,1.75,0.0,0.0,0.0,0,5000,-2.91,-4.12
111221,-3.63,-2.87,1.79,0.0,0.0,0.0,0,5004,-2.77,-4.16
111242,-2.77,-2.89,1.90,0.0,0.0,0.0,0,5000,-2.71,-4.12
111262,-2.47,-2.86,1.90,0.0,0.0,0.0,0,5000,-2.65,-3.93
111283,-2.41,-2.82,1.73,0.0,0.0,0.0,0,5000,-2.96,-4.12
111303,-3.15,-2.82,1.77,0.0,0.0,0.0,0,5004,-2.94,-4.08
111324,-3.07,-2.83,1.83,0.0,0.0,0.0,0,5000,-3.06,-4.04
111344,-3.28,-2.87,2.08,0.0,0.0,0.0,0,5000,-3.02,-4.06
111365,-2.48,-2.87,1.79,0.0,0.0,0.0,0,5000,-3.16,-4.04
111385,-2.37,-2.83,2.02,0.0,0.0,0.0,0,5000,-2.61,-4.02
111406,-2.88,-2.82,1.75,0.0,0.0,0.0,0,5004,-2.91,-3.95
111426,-3.49,-2.85,1.98,0.0,0.0,0.0,0,5004,-2.83,-4.14
111447,-3.02,-2.88,1.83,0.0,0.0,0.0,0,5004,-3.20,-4.14
111468,-2.37,-2.86,1.94,0.0,0.0,0.0,0,5004,-2.81,-3.89
111489,-2.04,-2.81,2.02,0.0,0.0,0.0,0,5000,-2.34,-4.08
111509,-3.46,-2.79,1.94,0.0,0.0,0.0,0,5004,-2.85,-4.04
111529,-3.88,-2.86,1.73,0.0,0.0,0.0,0,5000,-3.34,-4.16
111550,-3.72,-2.91,1.98,0.0,0.0,0.0,0,5004,-3.22,-3.97
111570,-2.10,-2.88,2.12,0.0,0.0,0.0,0,5000,-2.91,-4.04
111591,-1.92,-2.78,1.88,0.0,0.0,0.0,0,5000,-2.89,-4.06
111611,-2.76,-2.74,1.57,0.0,0.0,0.0,0,5000,-3.02,-4.20
111632,-3.70,-2.79,1.81,0.0,0.0,0.0,0,5000,-2.73,-4.06
111652,-3.75,-2.87,2.04,0.0,0.0,0.0,0,5004,-2.83,-4.10
111673,-2.25,-2.88,2.02,0.0,0.0,0.0,0,5000,-3.12,-4.12
111693,-2.15,-2.81,1.77,0.0,0.0,0.0,0,5004,-3.44,-3.97
111714,-2.20,-2.76,1.75,0.0,0.0,0.0,0,5004,-2.85,-4.12
111735,-3.51,-2.78,1.92,0.0,0.0,0.0,0,5000,-2.32,-4.00
111756,-3.90,-2.87,1.88,0.0,0.0,0.0,0,5004,-2.55,-4.14
111776,-2.81,-2.90,1.94,0.0,0.0,0.0,0,5004,-3.02,-3.95
111797,-1.81,-2.85,1.96,0.0,0.0,0.0,0,5000,-3.08,-4.06
111817,-2.00,-2.76,1.79,0.0,0.0,0.0,0,5000,-3.14,-4.04
111838,-3.36,-2.78,1.59,0.0,0.0,0.0,0,5000,-2.94,-4.02
111858,-3.81,-2.86,1.81,0.0,0.0,0.0,0,5000,-2.57,-4.06
111879,-3.22,-2.90,2.12,0.0,0.0,0.0,0,5000,-2.47,-4.04
111899,-2.07,-2.87,2.00,0.0,0.0,0.0,0,5000,-2.96,-4.12
111920,-1.75,-2.79,1.88,0.0,0.0,0.0,0,5000,-3.44,-4.02
111940,-2.60,-2.75,1.63,0.0,0.0,0.0,0,5000,-3.24,-4.12
111961,-3.60,-2.80,1.69,0.0,0.0,0.0,0,5004,-2.67,-4.02
111981,-3.54,-2.87,1.98,0.0,0.0,0.0,0,5000,-2.43,-4.14
112002,-2.50,-2.87,2.02,0.0,0.0,0.0,0,5000,-2.73,-4.08
112023,-1.92,-2.82,1.94,0.0,0.0,0.0,0,5004,-3.04,-4.02
112044,-2.34,-2.76,1.71,0.0,0.0,0.0,0,5004,-3.12,-4.06
112064,-3.48,-2.79,1.69,0.0,0.0,0.0,0,5004,-3.00,-4.12
112084,-3.77,-2.87,1.81,0.0,0.0,0.0,0,5000,-2.71,-4.06
112105,-2.74,-2.89,1.96,0.0,0.0,0.0,0,5000,-2.53,-4.12
112125,-2.17,-2.84,1.96,0.0,0.0,0.0,0,5000,-2.67,-4.06
112146,-2.12,-2.77,1.71,0.0,0.0,0.0,0,5000,-3.22,-4.04
112166,-3.17,-2.77,1.59,0.0,0.0,0.0,0,5000,-3.20,-4.06
112187,-3.61,-2.83,1.90,0.0,0.0,0.0,0,5000,-2.98,-4.06
112207,-3.06,-2.87,1.92,0.0,0.0,0.0,0,5004,-2.57,-4.06
112228,-2.26,-2.84,1.98,0.0,0.0,0.0,0,5000,-2.59,-4.00
112248,-2.34,-2.78,1.85,0.0,0.0,0.0,0,5004,-2.89,-4.02
112269,-2.70,-2.76,1.65,0.0,0.0,0.0,0,5004,-3.12,-4.06
112289,-3.41,-2.80,1.69,0.0,0.0,0.0,0,5000,-3.22,-4.06
112311,-3.21,-2.85,1.81,0.0,0.0,0.0,0,5000,-2.89,-4.00
112331,-2.39,-2.84,1.96,0.0,0.0,0.0,0,5004,-2.71,-4.04
112352,-2.25,-2.79,1.83,0.0,0.0,0.0,0,5000,-2.67,-4.02
112372,-2.81,-2.76,1.77,0.0,0.0,0.0,0,5000,-2.96,-4.04
112393,-3.11,-2.78,1.69,0.0,0.0,0.0,0,5000,-3.10,-4.00
112413,-3.44,-2.82,1.81,0.0,0.0,0.0,0,5000,-2.87,-3.97
112434,-2.65,-2.83,2.00,0.0,0.0,0.0,0,5000,-2.81,-4.10
112454,-2.33,-2.80,1.94,0.0,0.0,0.0,0,5004,-2.67,-4.04
112475,-2.59,-2.77,1.73,0.0,0.0,0.0,0,5000,-2.85,-4.00
112495,-3.12,-2.78,1.81,0.0,0.0,0.0,0,5004,-2.87,-4.08
112516,-3.56,-2.83,1.81,0.0,0.0,0.0,0,5000,-2.91,-4.02
112536,-2.88,-2.85,1.83,0.0,0.0,0.0,0,5000,-2.96,-4.02
112557,-2.26,-2.82,1.88,0.0,0.0,0.0,0,5000,-2.73,-4.00
112577,-2.37,-2.78,1.73,0.0,0.0,0.0,0,5004,-2.75,-4.10
112599,-3.05,-2.78,1.79,0.0,0.0,0.0,0,5000,-2.87,-4.10
112619,-3.43,-2.82,1.73,0.0,0.0,0.0,0,5004,-3.06,-4.16
112640,-3.07,-2.85,1.92,0.0,0.0,0.0,0,5004,-2.98,-4.08
112660,-2.56,-2.84,1.92,0.0,0.0,0.0,0,5000,-2.85,-4.08
112680,-2.36,-2.80,1.77,0.0,0.0,0.0,0,5004,-2.81,-4.08
112701,-2.79,-2.79,1.75,0.0,0.0,0.0,0,5000,-2.85,-4.06
112721,-3.44,-2.82,1.73,0.0,0.0,0.0,0,5004,-2.98,-4.08
112742,-3.27,-2.85,1.88,0.0,0.0,0.0,0,5004,-3.06,-4.12
112762,-2.80,-2.86,1.81,0.0,0.0,0.0,0,5000,-2.98,-3.97
112783,-2.20,-2.82,1.75,0.0,0.0,0.0,0,5004,-2.83,-4.04
112803,-2.71,-2.80,1.79,0.0,0.0,0.0,0,5004,-2.71,-4.08
112824,-3.45,-2.82,1.85,0.0,0.0,0.0,0,5004,-2.96,-4.10
112844,-3.13,-2.86,1.85,0.0,0.0,0.0,0,5000,-2.98,-4.00
112865,-2.75,-2.87,1.92,0.0,0.0,0.0,0,5000,-2.91,-4.00
112886,-2.34,-2.84,1.96,0.0,0.0,0.0,0,5000,-2.87,-4.02
112907,-2.56,-2.81,1.75,0.0,0.0,0.0,0,5004,-2.83,-4.08
112927,-2.99,-2.81,1.73,0.0,0.0,0.0,0,5000,-2.85,-4.12
112948,-3.36,-2.85,1.79,0.0,0.0,0.0,0,5004,-2.83,-4.10
112968,-2.81,-2.87,1.96,0.0,0.0,0.0,0,5000,-2.98,-4.02
112989,-2.57,-2.85,1.77,0.0,0.0,0.0,0,5004,-2.87,-4.02
113009,-2.41,-2.81,1.81,0.0,0.0,0.0,0,5004,-2.94,-3.89
113030,-2.86,-2.81,1.75,0.0,0.0,0.0,0,5004,-2.89,-4.12
113050,-3.26,-2.84,1.81,0.0,0.0,0.0,0,5000,-2.89,-4.14
113071,-3.20,-2.87,1.88,0.0,0.0,0.0,0,5004,-2.89,-4.14
113091,-2.64,-2.86,2.00,0.0,0.0,0.0,0,5004,-2.87,-4.06
113112,-2.37,-2.83,1.83,0.0,0.0,0.0,0,5004,-2.98,-4.08
113132,-2.82,-2.81,1.79,0.0,0.0,0.0,0,5004,-2.85,-4.02
113153,-3.08,-2.83,1.85,0.0,0.0,0.0,0,5004,-2.73,-4.08
113174,-3.29,-2.86,1.83,0.0,0.0,0.0,0,5004,-2.81,-4.02
113195,-2.67,-2.87,1.85,0.0,0.0,0.0,0,5000,-2.85,-4.00
113215,-2.47,-2.84,1.69,0.0,0.0,0.0,0,5004,-2.96,-4.02
113235,-2.82,-2.82,1.90,0.0,0.0,0.0,0,5004,-2.94,-4.06
113256,-2.95,-2.83,1.79,0.0,0.0,0.0,0,5004,-2.85,-4.10
113276,-3.05,-2.85,1.92,0.0,0.0,0.0,0,5000,-2.79,-4.04
113297,-2.73,-2.86,1.83,0.0,0.0,0.0,0,5004,-2.85,-4.06
113317,-2.53,-2.84,1.85,0.0,0.0,0.0,0,5000,-2.94,-4.12
113338,-2.63,-2.82,1.77,0.0,0.0,0.0,0,5000,-2.91,-4.14
113358,-3.01,-2.82,1.85,0.0,0.0,0.0,0,5000,-2.83,-4.10
113379,-3.13,-2.84,1.85,0.0,0.0,0.0,0,5000,-2.94,-4.00
113399,-2.94,-2.86,1.90,0.0,0.0,0.0,0,5000,-2.83,-4.14
113420,-2.52,-2.84,1.85,0.0,0.0,0.0,0,5004,-2.96,-4.06
113441,-2.59,-2.82,1.81,0.0,0.0,0.0,0,5004,-2.91,-4.10
113462,-2.72,-2.81,1.73,0.0,0.0,0.0,0,5004,-2.89,-4.04
113482,-3.17,-2.83,1.85,0.0,0.0,0.0,0,5000,-2.77,-4.08
113503,-2.97,-2.84,1.83,0.0,0.0,0.0,0,5000,-2.73,-4.12
113523,-2.58,-2.84,1.83,0.0,0.0,0.0,0,5004,-2.89,-3.97
113544,-2.71,-2.82,1.85,0.0,0.0,0.0,0,5004,-3.00,-4.00
113564,-2.88,-2.81,1.83,0.0,0.0,0.0,0,5004,-2.94,-4.02
113585,-3.24,-2.83,1.85,0.0,0.0,0.0,0,5000,-2.94,-4.08
113605,-3.05,-2.85,1.94,0.0,0.0,0.0,0,5004,-2.98,-4.02
113626,-2.86,-2.85,1.90,0.0,0.0,0.0,0,5000,-2.73,-4.08
113646,-2.62,-2.84,1.79,0.0,0.0,0.0,0,5000,-2.91,-4.12
113667,-2.60,-2.82,1.77,0.0,0.0,0.0,0,5004,-2.98,-4.02
113687,-3.04,-2.83,1.83,0.0,0.0,0.0,0,5000,-3.08,-3.91
113708,-2.96,-2.85,1.88,0.0,0.0,0.0,0,5000,-2.94,-4.08
113729,-2.72,-2.85,1.88,0.0,0.0,0.0,0,5000,-2.83,-4.00
113750,-2.58,-2.84,1.90,0.0,0.0,0.0,0,5000,-2.77,-4.08
113770,-2.49,-2.82,1.75,0.0,0.0,0.0,0,5000,-2.87,-4.10
113790,-2.96,-2.82,1.83,0.0,0.0,0.0,0,5004,-3.06,-3.97
113811,-3.16,-2.83,1.83,0.0,0.0,0.0,0,5000,-3.02,-3.97
113831,-2.92,-2.84,1.83,0.0,0.0,0.0,0,5000,-2.94,-3.97
113852,-2.68,-2.84,1.88,0.0,0.0,0.0,0,5000,-2.79,-4.08
113872,-2.57,-2.82,1.75,0.0,0.0,0.0,0,5004,-2.87,-4.00
113893,-2.74,-2.81,1.81,0.0,0.0,0.0,0,5004,-3.04,-4.04
113913,-2.77,-2.81,1.85,0.0,0.0,0.0,0,5004,-2.89,-4.10
113934,-3.05,-2.83,1.81,0.0,0.0,0.0,0,5004,-2.85,-3.97
113954,-2.67,-2.82,1.83,0.0,0.0,0.0,0,5004,-2.87,-4.04
113975,-2.65,-2.81,1.94,0.0,0.0,0.0,0,5004,-2.94,-4.06
113996,-2.81,-2.80,1.75,0.0,0.0,0.0,0,5000,-2.85,-4.04
114017,-3.03,-2.80,1.88,0.0,0.0,0.0,0,5004,-3.02,-4.04
114037,-2.94,-2.82,1.83,0.0,0.0,0.0,0,5000,-3.04,-4.08
114058,-2.69,-2.82,1.79,0.0,0.0,0.0,0,5004,-2.83,-4.16
114078,-2.54,-2.80,1.94,0.0,0.0,0.0,0,5000,-2.81,-4.12
114099,-2.51,-2.80,1.79,0.0,0.0,0.0,0,5000,-2.79,-4.14
114119,-2.79,-2.80,1.90,0.0,0.0,0.0,0,5004,-2.83,-4.06
114140,-2.89,-2.81,1.85,0.0,0.0,0.0,0,5004,-3.00,-4.10
114160,-2.87,-2.82,1.75,0.0,0.0,0.0,0,5000,-2.94,-4.02
114181,-2.70,-2.81,1.96,0.0,0.0,0.0,0,5004,-2.77,-4.08
114201,-2.80,-2.81,1.71,0.0,0.0,0.0,0,5004,-2.85,-4.06
114222,-2.78,-2.80,1.77,0.0,0.0,0.0,0,5004,-2.85,-4.10
114242,-2.83,-2.82,1.77,0.0,0.0,0.0,0,5000,-2.77,-4.02
114263,-2.79,-2.81,1.83,0.0,0.0,0.0,0,5000,-2.85,-4.16
114283,-2.60,-2.81,1.75,0.0,0.0,0.0,0,5004,-2.89,-4.00
114305,-2.87,-2.80,1.85,0.0,0.0,0.0,0,5000,-2.87,-4.02
114325,-3.01,-2.81,1.73,0.0,0.0,0.0,0,5000,-2.83,-4.00
114345,-2.97,-2.83,1.81,0.0,0.0,0.0,0,5004,-2.91,-4.02
114366,-2.89,-2.84,1.96,0.0,0.0,0.0,0,5000,-2.87,-4.14
114386,-2.54,-2.83,1.85,0.0,0.0,0.0,0,5000,-2.96,-4.06
114407,-2.56,-2.81,1.81,0.0,0.0,0.0,0,5000,-2.94,-4.06
114427,-2.86,-2.81,1.88,0.0,0.0,0.0,0,5004,-2.94,-3.97
114448,-2.89,-2.83,1.90,0.0,0.0,0.0,0,5000,-2.89,-4.00
114468,-2.83,-2.83,1.77,0.0,0.0,0.0,0,5000,-2.81,-3.97
114489,-2.69,-2.83,1.92,0.0,0.0,0.0,0,5000,-2.91,-4.12
114509,-2.44,-2.81,1.79,0.0,0.0,0.0,0,5004,-2.87,-4.16
114530,-3.00,-2.81,1.73,0.0,0.0,0.0,0,5004,-2.96,-4.22
114550,-3.02,-2.83,1.83,0.0,0.0,0.0,0,5000,-2.77,-4.10
114572,-2.90,-2.84,1.88,0.0,0.0,0.0,0,5000,-2.87,-4.02
114592,-2.70,-2.83,1.79,0.0,0.0,0.0,0,5000,-2.79,-4.14
114613,-2.75,-2.82,1.81,0.0,0.0,0.0,0,5000,-2.94,-4.06
114633,-2.70,-2.82,1.83,0.0,0.0,0.0,0,5004,-3.00,-4.02
114654,-2.85,-2.83,1.81,0.0,0.0,0.0,0,5000,-2.89,-4.12
114674,-2.86,-2.84,1.94,0.0,0.0,0.0,0,5000,-2.98,-4.04
114695,-2.97,-2.85,1.85,0.0,0.0,0.0,0,5000,-2.89,-4.00
114715,-2.61,-2.84,1.77,0.0,0.0,0.0,0,5004,-2.79,-4.00
114736,-2.73,-2.83,1.77,0.0,0.0,0.0,0,5004,-2.91,-4.04
114756,-2.63,-2.82,1.88,0.0,0.0,0.0,0,5000,-2.87,-4.00
114777,-3.00,-2.83,1.79,0.0,0.0,0.0,0,5004,-2.89,-4.00
114797,-2.75,-2.82,1.83,0.0,0.0,0.0,0,5004,-2.89,-4.04
114818,-2.69,-2.81,1.88,0.0,0.0,0.0,0,5004,-2.98,-4.06
114838,-2.74,-2.81,1.79,0.0,0.0,0.0,0,5004,-2.85,-4.20
114860,-2.73,-2.81,1.79,0.0,0.0,0.0,0,5004,-2.89,-4.10
114880,-2.97,-2.82,1.79,0.0,0.0,0.0,0,5004,-2.87,-4.02
114900,-2.80,-2.82,1.83,0.0,0.0,0.0,0,5000,-2.85,-4.08
114921,-2.73,-2.81,1.77,0.0,0.0,0.0,0,5004,-2.79,-4.00
114941,-2.68,-2.81,1.83,0.0,0.0,0.0,0,5004,-2.83,-4.10
114962,-2.80,-2.81,1.75,0.0,0.0,0.0,0,5000,-2.87,-4.02
114982,-3.02,-2.82,1.83,0.0,0.0,0.0,0,5000,-2.89,-4.12
115003,-2.49,-2.81,1.90,0.0,0.0,0.0,0,5004,-2.91,-4.10
115023,-2.67,-2.80,1.83,0.0,0.0,0.0,0,5004,-2.91,-4.16
115044,-2.79,-2.80,1.81,0.0,0.0,0.0,0,5000,-2.81,-4.10
115064,-2.92,-2.80,1.77,0.0,0.0,0.0,0,5000,-2.81,-4.02
115085,-2.78,-2.80,1.85,0.0,0.0,0.0,0,5004,-2.83,-4.04
115105,-2.95,-2.81,1.71,0.0,0.0,0.0,0,5004,-2.85,-4.00
115126,-2.74,-2.81,1.83,0.0,0.0,0.0,0,5000,-2.83,-4.14
115147,-2.48,-2.80,1.75,0.0,0.0,0.0,0,5004,-2.87,-4.10
115168,-2.77,-2.79,1.85,0.0,0.0,0.0,0,5000,-2.83,-4.08
115188,-3.02,-2.80,1.88,0.0,0.0,0.0,0,5000,-2.83,-4.08
115209,-2.94,-2.80,1.85,0.0,0.0,0.0,0,5000,-2.83,-4.08
115229,-2.92,-2.81,1.77,0.0,0.0,0.0,0,5004,-2.91,-4.00
115250,-2.77,-2.81,1.94,0.0,0.0,0.0,0,5000,-2.91,-4.04
115270,-2.72,-2.80,1.73,0.0,0.0,0.0,0,5000,-2.85,-4.10
115291,-2.68,-2.80,1.81,0.0,0.0,0.0,0,5000,-2.73,-4.08
115311,-2.75,-2.80,1.83,0.0,0.0,0.0,0,5000,-2.94,-4.02
115332,-2.66,-2.80,1.83,0.0,0.0,0.0,0,5000,-2.91,-4.14
115352,-2.91,-2.80,1.81,0.0,0.0,0.0,0,5004,-2.81,-4.06
115373,-2.70,-2.80,1.92,0.0,0.0,0.0,0,5004,-2.94,-4.06
115393,-2.80,-2.80,1.81,0.0,0.0,0.0,0,5000,-3.04,-4.04
115414,-2.98,-2.81,1.88,0.0,0.0,0.0,0,5000,-2.83,-4.06
115435,-2.94,-2.82,1.85,0.0,0.0,0.0,0,5004,-2.81,-4.00
115456,-2.63,-2.81,1.77,0.0,0.0,0.0,0,5000,-2.77,-4.10
115476,-3.08,-2.82,1.73,0.0,0.0,0.0,0,5000,-2.85,-4.04
115496,-2.64,-2.82,1.90,0.0,0.0,0.0,0,5000,-2.83,-4.06
115517,-2.92,-2.83,1.81,0.0,0.0,0.0,0,5004,-2.98,-4.00
115537,-2.71,-2.83,1.85,0.0,0.0,0.0,0,5004,-2.81,-4.10
115558,-2.82,-2.84,1.98,0.0,0.0,0.0,0,5000,-2.89,-4.10
115578,-2.79,-2.83,1.81,0.0,0.0,0.0,0,5004,-2.91,-4.16
115599,-2.72,-2.82,1.90,0.0,0.0,0.0,0,5000,-2.91,-4.08
115619,-3.06,-2.83,1.85,0.0,0.0,0.0,0,5004,-2.87,-4.08
115640,-2.81,-2.84,1.73,0.0,0.0,0.0,0,5000,-2.79,-4.08
115660,-2.69,-2.83,1.90,0.0,0.0,0.0,0,5000,-2.89,-4.04
115681,-2.88,-2.83,1.88,0.0,0.0,0.0,0,5004,-2.94,-4.02
115701,-2.78,-2.83,1.90,0.0,0.0,0.0,0,5004,-2.77,-4.06
115723,-3.00,-2.84,1.83,0.0,0.0,0.0,0,5004,-2.81,-4.02
115743,-2.91,-2.85,1.83,0.0,0.0,0.0,0,5004,-2.77,-4.18
115764,-2.71,-2.84,1.85,0.0,0.0,0.0,0,5000,-2.94,-4.00
115784,-2.81,-2.84,1.88,0.0,0.0,0.0,0,5000,-2.85,-4.04
115805,-2.79,-2.83,1.83,0.0,0.0,0.0,0,5004,-3.00,-4.02
115825,-3.00,-2.84,1.71,0.0,0.0,0.0,0,5000,-2.85,-4.04
115846,-2.90,-2.85,1.83,0.0,0.0,0.0,0,5000,-2.83,-3.97
115866,-2.80,-2.85,1.83,0.0,0.0,0.0,0,5004,-2.85,-3.93
115887,-2.78,-2.85,1.77,0.0,0.0,0.0,0,5004,-2.79,-4.06
115907,-2.50,-2.84,1.71,0.0,0.0,0.0,0,5004,-2.73,-4.00
115928,-3.00,-2.86,1.75,0.0,0.0,0.0,0,5004,-2.89,-4.10
115948,-2.75,-2.86,1.57,0.0,0.0,0.0,0,5004,-3.00,-4.06
115969,-2.52,-2.85,1.90,0.0,0.0,0.0,0,5004,-2.69,-4.04
115989,-2.71,-2.83,1.73,0.0,0.0,0.0,0,5004,-2.73,-3.97
116011,-2.93,-2.84,1.73,0.0,0.0,0.0,0,5004,-2.96,-4.14
116031,-3.05,-2.85,1.77,0.0,0.0,0.0,0,5000,-2.87,-4.06
116051,-2.86,-2.86,1.98,0.0,0.0,0.0,0,5004,-2.98,-4.00
116072,-2.82,-2.86,1.81,0.0,0.0,0.0,0,5000,-3.06,-4.14
116092,-2.55,-2.84,1.69,0.0,0.0,0.0,0,5000,-2.96,-4.06
116113,-3.04,-2.85,1.85,0.0,0.0,0.0,0,5000,-2.45,-4.06
116133,-3.07,-2.86,1.88,0.0,0.0,0.0,0,5000,-2.75,-3.97
116154,-2.78,-2.87,1.88,0.0,0.0,0.0,0,5004,-3.18,-4.02
116174,-2.23,-2.84,1.85,0.0,0.0,0.0,0,5004,-3.18,-4.16
116195,-2.32,-2.80,1.92,0.0,0.0,0.0,0,5004,-2.83,-4.06
116215,-3.04,-2.80,1.85,0.0,0.0,0.0,0,5000,-2.75,-4.12
116236,-2.95,-2.83,1.69,0.0,0.0,0.0,0,5004,-2.87,-4.08
116256,-2.77,-2.83,1.90,0.0,0.0,0.0,0,5004,-2.71,-4.14
116277,-2.76,-2.82,1.85,0.0,0.0,0.0,0,5000,-2.87,-4.12
116298,-2.56,-2.81,1.81,0.0,0.0,0.0,0,5004,-3.08,-4.22
116319,-2.92,-2.81,1.71,0.0,0.0,0.0,0,5000,-2.98,-4.04
116339,-3.27,-2.83,1.81,0.0,0.0,0.0,0,5000,-2.61,-4.04
116360,-2.99,-2.85,1.96,0.0,0.0,0.0,0,5004,-2.51,-3.97
116380,-2.55,-2.85,1.83,0.0,0.0,0.0,0,5004,-2.87,-3.97
116401,-2.54,-2.82,1.77,0.0,0.0,0.0,0,5000,-3.04,-4.08
116421,-2.74,-2.81,1.85,0.0,0.0,0.0,0,5000,-3.12,-4.10
116442,-2.96,-2.81,1.81,0.0,0.0,0.0,0,5000,-2.94,-4.14
116462,-3.02,-2.82,1.79,0.0,0.0,0.0,0,5004,-2.81,-4.10
116483,-2.65,-2.82,1.92,0.0,0.0,0.0,0,5004,-2.69,-4.04
116503,-2.37,-2.80,1.85,0.0,0.0,0.0,0,5000,-2.81,-4.06
116524,-2.80,-2.79,1.79,0.0,0.0,0.0,0,5004,-3.10,-4.00
116544,-2.79,-2.79,1.75,0.0,0.0,0.0,0,5004,-2.98,-4.10
116564,-2.85,-2.80,1.73,0.0,0.0,0.0,0,5004,-2.69,-4.00
116586,-2.80,-2.81,1.88,0.0,0.0,0.0,0,5004,-2.61,-4.06
116606,-2.73,-2.81,1.94,0.0,0.0,0.0,0,5004,-2.79,-4.12
116627,-2.52,-2.80,1.88,0.0,0.0,0.0,0,5004,-2.91,-4.06
116647,-2.55,-2.78,1.83,0.0,0.0,0.0,0,5004,-2.96,-4.02
116668,-2.91,-2.79,1.79,0.0,0.0,0.0,0,5004,-2.98,-4.10
116688,-2.74,-2.80,1.88,0.0,0.0,0.0,0,5004,-2.89,-4.10
116709,-2.76,-2.81,1.90,0.0,0.0,0.0,0,5000,-2.67,-4.00
116729,-2.57,-2.79,1.83,0.0,0.0,0.0,0,5004,-2.85,-4.14
116750,-2.65,-2.79,1.83,0.0,0.0,0.0,0,5004,-3.04,-4.14
116770,-2.76,-2.78,1.88,0.0,0.0,0.0,0,5000,-2.96,-4.08
116791,-2.69,-2.79,1.92,0.0,0.0,0.0,0,5004,-2.83,-4.04
116811,-2.67,-2.79,1.90,0.0,0.0,0.0,0,5004,-2.94,-4.00
116832,-2.62,-2.78,1.81,0.0,0.0,0.0,0,5004,-2.87,-4.10
116853,-2.85,-2.78,1.75,0.0,0.0,0.0,0,5000,-2.91,-4.06
116874,-3.01,-2.80,1.79,0.0,0.0,0.0,0,5004,-2.94,-3.97
116894,-2.84,-2.80,1.85,0.0,0.0,0.0,0,5000,-3.04,-4.10
116915,-2.79,-2.81,1.90,0.0,0.0,0.0,0,5004,-2.98,-4.02
116935,-2.67,-2.80,1.83,0.0,0.0,0.0,0,5000,-2.83,-4.06
116956,-2.63,-2.79,1.92,0.0,0.0,0.0,0,5004,-2.77,-4.00
116976,-2.86,-2.79,1.88,0.0,0.0,0.0,0,5004,-2.87,-4.18
116997,-3.01,-2.80,1.83,0.0,0.0,0.0,0,5000,-3.02,-4.04
117017,-2.79,-2.80,1.92,0.0,0.0,0.0,0,5004,-2.91,-4.12
117038,-2.83,-2.81,1.83,0.0,0.0,0.0,0,5000,-2.83,-4.08
117058,-2.73,-2.81,1.90,0.0,0.0,0.0,0,5004,-2.94,-4.06
117079,-2.78,-2.81,1.88,0.0,0.0,0.0,0,5000,-2.91,-4.14
117099,-3.04,-2.82,1.85,0.0,0.0,0.0,0,5004,-2.94,-3.97
117120,-2.71,-2.82,1.77,0.0,0.0,0.0,0,5004,-2.91,-4.02
117141,-2.62,-2.81,1.77,0.0,0.0,0.0,0,5000,-2.89,-4.10
117161,-2.57,-2.80,1.81,0.0,0.0,0.0,0,5000,-2.81,-4.10
117182,-2.78,-2.80,1.88,0.0,0.0,0.0,0,5004,-2.83,-4.02
117202,-2.85,-2.81,1.88,0.0,0.0,0.0,0,5000,-2.96,-4.08
117223,-2.69,-2.81,1.85,0.0,0.0,0.0,0,5000,-2.85,-3.97
117243,-2.73,-2.81,1.85,0.0,0.0,0.0,0,5000,-2.87,-4.00
117264,-2.90,-2.80,1.81,0.0,0.0,0.0,0,5000,-2.79,-4.10
117284,-2.85,-2.80,1.85,0.0,0.0,0.0,0,5004,-2.77,-4.06
117305,-3.03,-2.81,1.81,0.0,0.0,0.0,0,5000,-2.77,-4.10
117325,-2.95,-2.82,1.92,0.0,0.0,0.0,0,5000,-2.94,-4.10
117346,-2.78,-2.82,1.88,0.0,0.0,0.0,0,5004,-2.94,-4.04
117366,-2.70,-2.82,1.85,0.0,0.0,0.0,0,5004,-2.94,-3.97
117387,-2.81,-2.81,1.85,0.0,0.0,0.0,0,5004,-2.94,-4.04
117408,-3.10,-2.83,1.83,0.0,0.0,0.0,0,5000,-2.81,-4.12
117429,-2.90,-2.84,1.85,0.0,0.0,0.0,0,5004,-2.79,-3.93
117449,-2.90,-2.85,1.79,0.0,0.0,0.0,0,5000,-2.96,-3.97
117470,-2.65,-2.84,1.77,0.0,0.0,0.0,0,5004,-2.85,-4.16
117490,-2.70,-2.83,1.83,0.0,0.0,0.0,0,5000,-2.91,-4.04
117511,-2.93,-2.83,1.77,0.0,0.0,0.0,0,5000,-2.85,-4.06
117531,-2.92,-2.85,1.94,0.0,0.0,0.0,0,5000,-2.89,-4.06
117552,-2.87,-2.86,1.85,0.0,0.0,0.0,0,5000,-2.85,-4.04
117572,-2.75,-2.85,1.85,0.0,0.0,0.0,0,5004,-2.89,-4.02
117593,-2.56,-2.84,1.83,0.0,0.0,0.0,0,5004,-2.96,-3.97
117613,-2.98,-2.85,1.81,0.0,0.0,0.0,0,5000,-2.79,-4.12
117634,-2.82,-2.85,1.83,0.0,0.0,0.0,0,5000,-2.98,-4.10
117654,-2.81,-2.86,1.81,0.0,0.0,0.0,0,5004,-2.96,-4.10
117676,-2.82,-2.85,1.90,0.0,0.0,0.0,0,5000,-2.87,-4.00
117696,-2.73,-2.85,1.85,0.0,0.0,0.0,0,5004,-2.87,-4.02
117716,-2.84,-2.85,1.81,0.0,0.0,0.0,0,5004,-2.94,-4.02
117737,-2.85,-2.84,1.79,0.0,0.0,0.0,0,5004,-2.94,-4.10
117757,-2.85,-2.84,1.85,0.0,0.0,0.0,0,5000,-2.83,-3.95
117778,-2.80,-2.85,1.81,0.0,0.0,0.0,0,5000,-2.91,-4.00
117798,-2.78,-2.84,1.81,0.0,0.0,0.0,0,5000,-2.85,-4.12
117819,-2.79,-2.83,1.77,0.0,0.0,0.0,0,5004,-2.94,-4.16
117839,-3.04,-2.84,1.77,0.0,0.0,0.0,0,5004,-2.75,-3.97
117860,-2.78,-2.83,1.88,0.0,0.0,0.0,0,5000,-2.85,-4.04
117880,-2.72,-2.83,1.75,0.0,0.0,0.0,0,5000,-2.89,-4.04
117901,-2.79,-2.82,1.83,0.0,0.0,0.0,0,5004,-2.85,-4.04
117921,-2.89,-2.83,1.85,0.0,0.0,0.0,0,5004,-2.91,-3.93
117943,-2.77,-2.83,1.83,0.0,0.0,0.0,0,5004,-2.81,-4.10
117963,-2.85,-2.83,1.83,0.0,0.0,0.0,0,5000,-2.94,-3.97
117984,-2.71,-2.83,1.96,0.0,0.0,0.0,0,5000,-2.73,-4.16
118004,-2.76,-2.83,1.81,0.0,0.0,0.0,0,5000,-2.91,-3.95
118025,-2.82,-2.83,1.94,0.0,0.0,0.0,0,5000,-3.00,-4.08
118045,-2.83,-2.82,1.77,0.0,0.0,0.0,0,5000,-2.94,-4.04
118066,-2.76,-2.81,1.79,0.0,0.0,0.0,0,5004,-2.96,-4.00
118086,-2.71,-2.82,1.88,0.0,0.0,0.0,0,5004,-2.96,-4.06
118107,-2.82,-2.81,1.83,0.0,0.0,0.0,0,5000,-2.87,-4.14
118127,-2.87,-2.81,1.81,0.0,0.0,0.0,0,5004,-2.89,-4.04
118148,-3.02,-2.82,1.90,0.0,0.0,0.0,0,5004,-2.83,-4.02
118168,-2.79,-2.82,1.77,0.0,0.0,0.0,0,5004,-2.87,-4.08
118189,-2.67,-2.82,1.79,0.0,0.0,0.0,0,5004,-2.94,-4.12
118210,-2.78,-2.82,1.85,0.0,0.0,0.0,0,5004,-2.89,-4.02
118231,-2.83,-2.81,1.83,0.0,0.0,0.0,0,5004,-2.85,-4.02
118251,-2.95,-2.82,1.83,0.0,0.0,0.0,0,5000,-2.91,-4.12
118272,-2.83,-2.83,1.88,0.0,0.0,0.0,0,5000,-2.83,-4.18
118292,-2.92,-2.83,1.77,0.0,0.0,0.0,0,5004,-2.91,-4.10
118312,-2.81,-2.83,1.77,0.0,0.0,0.0,0,5000,-2.83,-4.04
118333,-2.69,-2.82,1.85,0.0,0.0,0.0,0,5000,-2.91,-4.08
118353,-2.84,-2.82,1.88,0.0,0.0,0.0,0,5000,-2.91,-4.04
118374,-2.71,-2.83,1.85,0.0,0.0,0.0,0,5000,-2.89,-4.08
118394,-2.88,-2.83,1.83,0.0,0.0,0.0,0,5004,-3.00,-4.06
118415,-2.88,-2.83,1.85,0.0,0.0,0.0,0,5004,-2.89,-4.08
118435,-2.79,-2.82,1.85,0.0,0.0,0.0,0,5004,-2.81,-4.08
118456,-2.91,-2.82,1.88,0.0,0.0,0.0,0,5004,-2.77,-4.04
118477,-2.81,-2.83,1.75,0.0,0.0,0.0,0,5000,-2.89,-4.02
118498,-2.87,-2.83,1.83,0.0,0.0,0.0,0,5000,-2.94,-4.10
118518,-2.82,-2.83,1.90,0.0,0.0,0.0,0,5000,-2.77,-4.10
118539,-2.94,-2.82,1.81,0.0,0.0,0.0,0,5004,-2.87,-4.04
118559,-2.78,-2.83,1.81,0.0,0.0,0.0,0,5000,-2.83,-4.00
118580,-2.72,-2.82,1.75,0.0,0.0,0.0,0,5000,-2.87,-4.18
118600,-2.76,-2.82,1.83,0.0,0.0,0.0,0,5004,-2.77,-4.10
118621,-2.84,-2.83,1.79,0.0,0.0,0.0,0,5004,-2.91,-4.02
118641,-2.91,-2.84,1.77,0.0,0.0,0.0,0,5000,-2.94,-4.06
118662,-2.84,-2.84,1.88,0.0,0.0,0.0,0,5000,-2.81,-4.06
118682,-3.08,-2.85,1.83,0.0,0.0,0.0,0,5004,-2.91,-4.06
118703,-2.84,-2.84,1.75,0.0,0.0,0.0,0,5004,-2.83,-4.06
118723,-2.80,-2.84,1.90,0.0,0.0,0.0,0,5004,-2.83,-4.10
118745,-2.68,-2.83,1.94,0.0,0.0,0.0,0,5004,-3.02,-4.08
118765,-2.82,-2.83,1.94,0.0,0.0,0.0,0,5004,-2.85,-4.10
118786,-2.92,-2.84,1.79,0.0,0.0,0.0,0,5000,-2.87,-4.08
118806,-2.92,-2.84,1.81,0.0,0.0,0.0,0,5004,-2.96,-4.04
118827,-2.91,-2.85,1.85,0.0,0.0,0.0,0,5000,-2.81,-4.00
118847,-2.55,-2.84,1.73,0.0,0.0,0.0,0,5000,-2.96,-4.08
118867,-2.83,-2.84,1.81,0.0,0.0,0.0,0,5004,-2.91,-4.08
118888,-3.09,-2.84,1.79,0.0,0.0,0.0,0,5000,-2.89,-4.02
118908,-2.76,-2.85,1.81,0.0,0.0,0.0,0,5000,-2.79,-4.04
118929,-2.77,-2.84,1.88,0.0,0.0,0.0,0,5004,-2.85,-4.12
118949,-2.94,-2.84,1.81,0.0,0.0,0.0,0,5004,-2.75,-4.06
118970,-2.75,-2.83,1.88,0.0,0.0,0.0,0,5004,-2.94,-4.16
118990,-2.77,-2.82,1.77,0.0,0.0,0.0,0,5004,-2.91,-4.04
119012,-3.01,-2.83,1.85,0.0,0.0,0.0,0,5000,-2.83,-4.02
119032,-2.82,-2.82,1.81,0.0,0.0,0.0,0,5004,-2.79,-4.14
119053,-2.73,-2.83,1.73,0.0,0.0,0.0,0,5000,-2.89,-4.10
119073,-2.98,-2.83,1.81,0.0,0.0,0.0,0,5004,-2.91,-4.04
119094,-2.66,-2.83,1.90,0.0,0.0,0.0,0,5004,-2.94,-4.02
119114,-2.81,-2.83,1.81,0.0,0.0,0.0,0,5000,-2.96,-3.97
119135,-2.93,-2.83,1.75,0.0,0.0,0.0,0,5000,-2.87,-3.97
119155,-3.05,-2.84,1.88,0.0,0.0,0.0,0,5000,-2.94,-4.00
119176,-2.80,-2.83,1.77,0.0,0.0,0.0,0,5000,-2.91,-4.10
119196,-2.77,-2.83,1.94,0.0,0.0,0.0,0,5000,-2.91,-4.06
119217,-2.91,-2.83,1.71,0.0,0.0,0.0,0,5000,-2.94,-4.06
119237,-2.81,-2.83,1.94,0.0,0.0,0.0,0,5004,-3.04,-4.02
119258,-2.68,-2.82,1.94,0.0,0.0,0.0,0,5004,-2.85,-3.97
119279,-2.94,-2.82,1.79,0.0,0.0,0.0,0,5000,-2.85,-3.89
119300,-2.70,-2.82,1.88,0.0,0.0,0.0,0,5004,-2.91,-4.02
119320,-2.92,-2.83,1.92,0.0,0.0,0.0,0,5000,-2.89,-4.00
119341,-2.96,-2.84,1.75,0.0,0.0,0.0,0,5000,-2.96,-4.06
119361,-2.74,-2.82,1.94,0.0,0.0,0.0,0,5004,-2.96,-4.16
119382,-2.73,-2.83,1.77,0.0,0.0,0.0,0,5000,-2.85,-4.12
119402,-2.78,-2.83,1.90,0.0,0.0,0.0,0,5000,-2.96,-4.04
119422,-2.90,-2.83,1.88,0.0,0.0,0.0,0,5004,-2.91,-4.02
119443,-2.77,-2.83,1.88,0.0,0.0,0.0,0,5004,-2.77,-4.12
119463,-3.03,-2.84,1.81,0.0,0.0,0.0,0,5000,-2.87,-4.06
119484,-2.77,-2.83,1.79,0.0,0.0,0.0,0,5000,-2.87,-4.10
119504,-2.81,-2.83,1.85,0.0,0.0,0.0,0,5000,-2.83,-4.04
119525,-2.76,-2.83,1.85,0.0,0.0,0.0,0,5000,-2.91,-3.95
119546,-2.84,-2.83,1.77,0.0,0.0,0.0,0,5000,-2.91,-3.95
119567,-2.85,-2.82,1.83,0.0,0.0,0.0,0,5000,-2.94,-4.08
119587,-2.65,-2.82,1.83,0.0,0.0,0.0,0,5004,-2.77,-4.02
119608,-2.77,-2.82,1.77,0.0,0.0,0.0,0,5004,-2.85,-4.08
119628,-2.95,-2.83,1.94,0.0,0.0,0.0,0,5004,-2.94,-4.00
119649,-2.86,-2.83,1.98,0.0,0.0,0.0,0,5000,-2.85,-4.00
119669,-2.73,-2.83,1.75,0.0,0.0,0.0,0,5004,-2.91,-4.04
119690,-2.65,-2.82,1.96,0.0,0.0,0.0,0,5000,-2.89,-4.04
119710,-2.93,-2.82,1.83,0.0,0.0,0.0,0,5004,-2.79,-4.16
119731,-3.04,-2.83,1.85,0.0,0.0,0.0,0,5004,-2.87,-4.12
119751,-2.67,-2.83,1.85,0.0,0.0,0.0,0,5000,-3.02,-4.06
119772,-2.77,-2.82,1.83,0.0,0.0,0.0,0,5004,-2.91,-4.04
119792,-2.75,-2.81,1.85,0.0,0.0,0.0,0,5000,-2.79,-4.08
119814,-2.82,-2.82,1.83,0.0,0.0,0.0,0,5000,-2.96,-4.10
119834,-3.04,-2.82,1.88,0.0,0.0,0.0,0,5004,-2.87,-4.10
119855,-2.93,-2.82,1.83,0.0,0.0,0.0,0,5000,-2.91,-4.12
119875,-2.62,-2.82,1.81,0.0,0.0,0.0,0,5000,-2.83,-4.02
119896,-2.68,-2.82,1.81,0.0,0.0,0.0,0,5004,-2.94,-4.10
119916,-2.87,-2.82,1.81,0.0,0.0,0.0,0,5000,-2.91,-4.14
119937,-3.05,-2.82,1.90,0.0,0.0,0.0,0,5004,-2.91,-4.02
119957,-2.87,-2.84,1.88,0.0,0.0,0.0,0,5004,-2.83,-4.06
119977,-2.56,-2.82,1.79,0.0,0.0,0.0,0,5000,-2.94,-4.04
119998,-2.52,-2.81,1.83,0.0,0.0,0.0,0,5004,-3.00,-4.00
120018,-2.68,-2.81,1.81,0.0,0.0,0.0,0,5000,-2.94,-4.08
120039,-2.94,-2.81,1.85,0.0,0.0,0.0,0,5000,-2.85,-4.10
120059,-2.83,-2.82,1.81,0.0,0.0,0.0,0,5000,-2.91,-4.12
120081,-2.95,-2.82,1.85,0.0,0.0,0.0,0,5000,-2.83,-4.02
120101,-2.62,-2.81,1.85,0.0,0.0,0.0,0,5000,-2.81,-4.10
120122,-2.83,-2.81,1.83,0.0,0.0,0.0,0,5004,-2.89,-4.12
120142,-2.78,-2.81,1.88,0.0,0.0,0.0,0,5000,-2.89,-4.00
120163,-2.89,-2.82,1.83,0.0,0.0,0.0,0,5000,-2.96,-4.20
120183,-2.87,-2.83,1.83,0.0,0.0,0.0,0,5000,-3.02,-4.08
120204,-2.83,-2.82,1.81,0.0,0.0,0.0,0,5004,-2.85,-4.08
120224,-2.92,-2.82,1.77,0.0,0.0,0.0,0,5000,-2.85,-4.00
120245,-3.02,-2.83,1.96,0.0,0.0,0.0,0,5000,-2.94,-4.08
120265,-2.89,-2.84,1.81,0.0,0.0,0.0,0,5000,-2.85,-4.06
120286,-2.97,-2.85,1.79,0.0,0.0,0.0,0,5004,-2.83,-4.12
120306,-3.01,-2.85,1.90,0.0,0.0,0.0,0,5004,-2.87,-4.18
120327,-2.78,-2.85,1.73,0.0,0.0,0.0,0,5004,-2.83,-4.04
120347,-2.87,-2.84,1.81,0.0,0.0,0.0,0,5004,-2.85,-4.12
120369,-2.94,-2.84,1.94,0.0,0.0,0.0,0,5004,-2.83,-4.04
120389,-2.78,-2.83,1.77,0.0,0.0,0.0,0,5004,-2.83,-4.08
120410,-2.96,-2.83,1.83,0.0,0.0,0.0,0,5004,-2.87,-4.00
120430,-2.81,-2.84,1.79,0.0,0.0,0.0,0,5000,-2.85,-4.12
120451,-2.74,-2.84,1.79,0.0,0.0,0.0,0,5000,-2.96,-4.08
120471,-2.97,-2.84,1.83,0.0,0.0,0.0,0,5004,-2.91,-4.02
120492,-2.94,-2.85,1.88,0.0,0.0,0.0,0,5000,-2.91,-4.02
120512,-2.73,-2.85,1.81,0.0,0.0,0.0,0,5004,-2.85,-4.06
120532,-2.79,-2.85,1.83,0.0,0.0,0.0,0,5000,-2.87,-4.00
120553,-2.86,-2.85,1.81,0.0,0.0,0.0,0,5004,-2.83,-4.12
120573,-2.95,-2.84,1.81,0.0,0.0,0.0,0,5004,-2.96,-3.97
120594,-2.89,-2.84,1.88,0.0,0.0,0.0,0,5004,-2.85,-4.16
120615,-2.74,-2.84,1.79,0.0,0.0,0.0,0,5000,-2.83,-4.08
120636,-2.87,-2.83,1.83,0.0,0.0,0.0,0,5000,-2.87,-4.08
120656,-2.80,-2.83,1.75,0.0,0.0,0.0,0,5000,-2.91,-4.12
120677,-2.82,-2.83,1.88,0.0,0.0,0.0,0,5004,-2.89,-3.97
120697,-2.79,-2.82,1.81,0.0,0.0,0.0,0,5000,-2.94,-4.02
120718,-3.06,-2.82,1.75,0.0,0.0,0.0,0,5004,-2.98,-4.02
120738,-2.72,-2.83,1.83,0.0,0.0,0.0,0,5004,-2.85,-4.08
120759,-2.82,-2.83,1.83,0.0,0.0,0.0,0,5004,-2.91,-4.00
120779,-2.83,-2.83,1.79,0.0,0.0,0.0,0,5004,-2.89,-3.95
120800,-2.74,-2.82,1.85,0.0,0.0,0.0,0,5000,-2.79,-4.18
120820,-2.84,-2.82,1.85,0.0,0.0,0.0,0,5004,-2.79,-4.10
120841,-2.90,-2.82,1.83,0.0,0.0,0.0,0,5000,-2.77,-4.06
120861,-2.81,-2.82,1.79,0.0,0.0,0.0,0,5000,-2.83,-4.14
120883,-2.90,-2.82,1.85,0.0,0.0,0.0,0,5000,-2.87,-4.16
120903,-3.04,-2.82,1.83,0.0,0.0,0.0,0,5000,-2.89,-4.10
120924,-2.79,-2.82,1.81,0.0,0.0,0.0,0,5000,-2.94,-4.06
120944,-2.88,-2.82,1.77,0.0,0.0,0.0,0,5004,-2.94,-4.08
120965,-3.03,-2.83,1.88,0.0,0.0,0.0,0,5004,-2.85,-4.02
120985,-2.93,-2.83,1.85,0.0,0.0,0.0,0,5004,-2.96,-4.08
121006,-2.68,-2.83,1.83,0.0,0.0,0.0,0,5004,-2.87,-4.02
121026,-2.68,-2.82,1.85,0.0,0.0,0.0,0,5004,-2.94,-4.08
121047,-3.03,-2.83,1.88,0.0,0.0,0.0,0,5000,-2.96,-4.04
121067,-2.86,-2.83,1.79,0.0,0.0,0.0,0,5004,-2.89,-4.02
121088,-3.02,-2.83,1.81,0.0,0.0,0.0,0,5000,-2.94,-4.04
121108,-2.87,-2.84,1.75,0.0,0.0,0.0,0,5000,-2.89,-4.04
121128,-3.03,-2.85,1.81,0.0,0.0,0.0,0,5004,-2.98,-4.12
121150,-2.74,-2.84,1.88,0.0,0.0,0.0,0,5000,-2.89,-4.02
121170,-3.02,-2.85,1.77,0.0,0.0,0.0,0,5004,-2.77,-4.00
121191,-2.83,-2.85,1.79,0.0,0.0,0.0,0,5000,-2.85,-4.10
121211,-2.92,-2.85,1.81,0.0,0.0,0.0,0,5004,-2.85,-4.06
121232,-2.70,-2.85,1.83,0.0,0.0,0.0,0,5000,-2.85,-4.12
121252,-2.67,-2.84,1.83,0.0,0.0,0.0,0,5000,-2.91,-4.10
121273,-2.75,-2.83,1.73,0.0,0.0,0.0,0,5000,-2.91,-3.97
121293,-2.70,-2.83,1.77,0.0,0.0,0.0,0,5000,-2.89,-4.08
121314,-2.88,-2.83,1.73,0.0,0.0,0.0,0,5000,-2.91,-4.02
121334,-2.96,-2.84,1.85,0.0,0.0,0.0,0,5000,-2.85,-4.10
121355,-2.73,-2.83,1.73,0.0,0.0,0.0,0,5004,-2.83,-4.06
121375,-2.89,-2.82,1.90,0.0,0.0,0.0,0,5004,-2.87,-4.08
121396,-2.78,-2.82,1.88,0.0,0.0,0.0,0,5004,-2.77,-4.08
121416,-2.85,-2.82,1.83,0.0,0.0,0.0,0,5004,-2.89,-4.06
121438,-3.00,-2.82,1.71,0.0,0.0,0.0,0,5000,-2.89,-4.10
121458,-2.69,-2.82,1.90,0.0,0.0,0.0,0,5004,-2.87,-4.02
121479,-2.83,-2.81,1.81,0.0,0.0,0.0,0,5004,-2.91,-4.06
121499,-2.80,-2.81,1.81,0.0,0.0,0.0,0,5004,-2.91,-4.00
121520,-2.58,-2.80,1.88,0.0,0.0,0.0,0,5004,-2.94,-4.16
121540,-2.74,-2.80,1.90,0.0,0.0,0.0,0,5004,-2.85,-4.08
121561,-2.75,-2.80,1.83,0.0,0.0,0.0,0,5000,-2.81,-4.06
121581,-2.88,-2.79,1.83,0.0,0.0,0.0,0,5004,-2.81,-3.95
121602,-2.80,-2.79,1.77,0.0,0.0,0.0,0,5000,-2.79,-4.12
121622,-2.82,-2.80,1.90,0.0,0.0,0.0,0,5000,-2.89,-4.12
121643,-2.95,-2.81,1.83,0.0,0.0,0.0,0,5004,-2.91,-4.10
121663,-2.70,-2.81,1.77,0.0,0.0,0.0,0,5000,-2.81,-3.95
121683,-2.78,-2.80,1.81,0.0,0.0,0.0,0,5000,-2.94,-4.08
121705,-2.71,-2.79,1.94,0.0,0.0,0.0,0,5004,-2.75,-4.08
121725,-2.80,-2.79,1.88,0.0,0.0,0.0,0,5004,-2.89,-4.02
121746,-2.87,-2.80,1.92,0.0,0.0,0.0,0,5000,-2.75,-4.06
121766,-2.72,-2.79,1.83,0.0,0.0,0.0,0,5000,-2.85,-4.04
121787,-2.72,-2.79,1.83,0.0,0.0,0.0,0,5004,-2.87,-4.02
121807,-2.71,-2.79,1.92,0.0,0.0,0.0,0,5000,-2.89,-4.00
121828,-2.72,-2.78,1.79,0.0,0.0,0.0,0,5004,-2.89,-4.12
121848,-2.88,-2.78,1.79,0.0,0.0,0.0,0,5000,-2.89,-4.16
121869,-2.78,-2.79,1.85,0.0,0.0,0.0,0,5000,-2.73,-4.06
121889,-2.72,-2.80,1.90,0.0,0.0,0.0,0,5000,-2.83,-4.12
121910,-2.75,-2.80,1.88,0.0,0.0,0.0,0,5004,-2.85,-4.00
121930,-2.85,-2.81,1.83,0.0,0.0,0.0,0,5000,-2.69,-4.00
121951,-2.85,-2.81,1.83,0.0,0.0,0.0,0,5000,-2.91,-4.06
121972,-2.87,-2.81,1.92,0.0,0.0,0.0,0,5004,-2.94,-3.97
121993,-2.81,-2.81,1.81,0.0,0.0,0.0,0,5000,-2.89,-4.18
122013,-2.91,-2.82,1.83,0.0,0.0,0.0,0,5000,-2.83,-4.08
122034,-2.57,-2.81,1.88,0.0,0.0,0.0,0,5004,-2.94,-4.16
122054,-2.89,-2.81,1.85,0.0,0.0,0.0,0,5000,-3.06,-4.12
122075,-2.72,-2.80,1.92,0.0,0.0,0.0,0,5004,-2.81,-3.87
122095,-2.93,-2.80,1.96,0.0,0.0,0.0,0,5004,-2.75,-3.97
122116,-2.76,-2.80,1.73,0.0,0.0,0.0,0,5000,-2.96,-4.12
122136,-2.89,-2.81,1.85,0.0,0.0,0.0,0,5004,-2.83,-4.06
122157,-2.68,-2.81,1.75,0.0,0.0,0.0,0,5004,-2.79,-4.06
122177,-2.67,-2.80,1.85,0.0,0.0,0.0,0,5000,-2.94,-4.02
122198,-2.64,-2.80,2.00,0.0,0.0,0.0,0,5004,-2.96,-4.06
122218,-2.86,-2.80,1.75,0.0,0.0,0.0,0,5004,-2.91,-4.02
122240,-2.84,-2.81,1.85,0.0,0.0,0.0,0,5004,-3.00,-4.02
122260,-2.69,-2.80,1.92,0.0,0.0,0.0,0,5000,-2.79,-4.04
122280,-2.62,-2.79,1.88,0.0,0.0,0.0,0,5004,-2.96,-4.00
122301,-2.79,-2.79,1.88,0.0,0.0,0.0,0,5000,-2.91,-4.16
122321,-2.76,-2.79,1.85,0.0,0.0,0.0,0,5004,-2.89,-4.12
122342,-2.91,-2.79,1.90,0.0,0.0,0.0,0,5004,-2.83,-4.04
122362,-2.73,-2.79,1.85,0.0,0.0,0.0,0,5004,-2.85,-4.00
122383,-2.96,-2.80,1.85,0.0,0.0,0.0,0,5000,-2.85,-4.06
122403,-2.85,-2.80,1.79,0.0,0.0,0.0,0,5004,-2.87,-4.08
122424,-2.77,-2.79,1.90,0.0,0.0,0.0,0,5000,-2.85,-4.02
122444,-2.80,-2.79,1.79,0.0,0.0,0.0,0,5004,-2.94,-4.04
122465,-3.00,-2.80,1.83,0.0,0.0,0.0,0,5000,-2.85,-3.97
122485,-2.70,-2.80,1.83,0.0,0.0,0.0,0,5000,-2.85,-4.02
122506,-2.87,-2.80,1.83,0.0,0.0,0.0,0,5000,-2.85,-4.16
122527,-2.68,-2.80,1.83,0.0,0.0,0.0,0,5004,-2.94,-4.06
122548,-2.74,-2.80,1.90,0.0,0.0,0.0,0,5000,-2.91,-4.14
122568,-2.61,-2.79,1.83,0.0,0.0,0.0,0,5000,-2.91,-4.10
122589,-2.75,-2.78,1.88,0.0,0.0,0.0,0,5004,-2.77,-4.08
122609,-2.73,-2.78,1.85,0.0,0.0,0.0,0,5000,-2.83,-4.08
122630,-2.88,-2.78,1.73,0.0,0.0,0.0,0,5000,-2.91,-4.06
122650,-2.91,-2.79,1.79,0.0,0.0,0.0,0,5000,-2.87,-4.04
122671,-2.69,-2.79,1.83,0.0,0.0,0.0,0,5000,-2.85,-4.10
122691,-2.94,-2.79,1.90,0.0,0.0,0.0,0,5000,-2.89,-4.00
122712,-2.75,-2.79,1.83,0.0,0.0,0.0,0,5000,-2.75,-4.08
122732,-2.97,-2.80,1.90,0.0,0.0,0.0,0,5000,-2.85,-3.97
122753,-2.83,-2.80,1.77,0.0,0.0,0.0,0,5000,-2.85,-4.08
122773,-2.79,-2.80,1.83,0.0,0.0,0.0,0,5000,-2.91,-4.10
122793,-2.68,-2.80,1.92,0.0,0.0,0.0,0,5000,-2.94,-4.08
122814,-2.87,-2.79,1.88,0.0,0.0,0.0,0,5000,-2.94,-4.02
122835,-2.79,-2.79,1.81,0.0,0.0,0.0,0,5004,-2.91,-4.00
122856,-2.82,-2.78,1.92,0.0,0.0,0.0,0,5000,-2.83,-4.00
122876,-2.74,-2.78,1.77,0.0,0.0,0.0,0,5004,-2.87,-4.12
122897,-2.96,-2.79,1.88,0.0,0.0,0.0,0,5004,-2.83,-4.04
122917,-2.92,-2.80,1.90,0.0,0.0,0.0,0,5004,-2.94,-4.20
122938,-2.85,-2.81,1.81,0.0,0.0,0.0,0,5000,-2.81,-4.14
122958,-2.71,-2.80,1.71,0.0,0.0,0.0,0,5004,-2.79,-4.16
122979,-2.90,-2.80,1.90,0.0,0.0,0.0,0,5000,-2.85,-4.04
122999,-2.78,-2.81,1.79,0.0,0.0,0.0,0,5004,-3.00,-3.97
123020,-2.66,-2.80,1.81,0.0,0.0,0.0,0,5000,-2.91,-4.10
123040,-2.77,-2.80,1.90,0.0,0.0,0.0,0,5000,-2.85,-4.08
123061,-2.72,-2.80,1.90,0.0,0.0,0.0,0,5004,-2.89,-4.02
123081,-2.74,-2.79,1.94,0.0,0.0,0.0,0,5004,-2.94,-3.93
123102,-2.80,-2.78,1.92,0.0,0.0,0.0,0,5000,-3.04,-3.97
123123,-2.68,-2.78,1.79,0.0,0.0,0.0,0,5004,-2.91,-4.16
123144,-2.84,-2.78,1.81,0.0,0.0,0.0,0,5004,-2.85,-4.06
123164,-2.76,-2.78,1.90,0.0,0.0,0.0,0,5000,-2.94,-4.08
123185,-2.93,-2.79,1.75,0.0,0.0,0.0,0,5004,-2.91,-4.18
123205,-2.82,-2.79,1.75,0.0,0.0,0.0,0,5004,-2.87,-4.04
123226,-2.80,-2.79,1.81,0.0,0.0,0.0,0,5004,-2.77,-4.06
123246,-2.69,-2.79,1.75,0.0,0.0,0.0,0,5004,-2.96,-4.00
123267,-2.75,-2.78,1.92,0.0,0.0,0.0,0,5004,-2.81,-4.06
123287,-2.65,-2.78,1.85,0.0,0.0,0.0,0,5004,-2.89,-4.10
123308,-2.92,-2.78,1.81,0.0,0.0,0.0,0,5000,-2.81,-4.00
123328,-2.75,-2.78,1.85,0.0,0.0,0.0,0,5000,-2.94,-4.10
123348,-2.85,-2.79,1.69,0.0,0.0,0.0,0,5000,-2.83,-4.02
123369,-2.98,-2.79,1.90,0.0,0.0,0.0,0,5004,-2.85,-3.97
123389,-2.66,-2.79,1.92,0.0,0.0,0.0,0,5000,-2.75,-4.14
123411,-2.85,-2.79,1.79,0.0,0.0,0.0,0,5004,-2.81,-4.08
123431,-2.82,-2.80,1.83,0.0,0.0,0.0,0,5004,-2.98,-4.04
123452,-2.78,-2.80,1.83,0.0,0.0,0.0,0,5004,-2.83,-4.08
123472,-2.68,-2.80,1.83,0.0,0.0,0.0,0,5004,-2.89,-4.06
123493,-2.95,-2.80,1.81,0.0,0.0,0.0,0,5000,-2.91,-4.04
123513,-2.67,-2.79,1.88,0.0,0.0,0.0,0,5004,-2.79,-4.14
123534,-2.61,-2.79,1.79,0.0,0.0,0.0,0,5004,-2.91,-3.97
123554,-2.74,-2.79,1.83,0.0,0.0,0.0,0,5000,-2.89,-4.02
123575,-2.80,-2.79,1.81,0.0,0.0,0.0,0,5004,-2.87,-4.10
123595,-2.75,-2.78,1.85,0.0,0.0,0.0,0,5000,-2.85,-4.08
123616,-2.73,-2.78,1.85,0.0,0.0,0.0,0,5004,-3.00,-3.97
123636,-2.98,-2.78,1.77,0.0,0.0,0.0,0,5004,-2.81,-4.12
123657,-2.74,-2.79,1.69,0.0,0.0,0.0,0,5000,-2.98,-4.14
123677,-3.00,-2.80,1.85,0.0,0.0,0.0,0,5000,-2.89,-4.06
123699,-2.87,-2.80,1.83,0.0,0.0,0.0,0,5004,-2.85,-3.95
123719,-2.86,-2.80,1.83,0.0,0.0,0.0,0,5004,-2.91,-4.08
123740,-2.76,-2.79,1.90,0.0,0.0,0.0,0,5004,-2.87,-3.95
123760,-2.76,-2.79,1.77,0.0,0.0,0.0,0,5004,-2.91,-4.02
123781,-2.82,-2.79,1.81,0.0,0.0,0.0,0,5004,-2.89,-4.10
123801,-2.76,-2.80,1.79,0.0,0.0,0.0,0,5000,-2.83,-4.08
123822,-2.75,-2.80,1.88,0.0,0.0,0.0,0,5000,-2.94,-4.04
123842,-2.84,-2.80,1.83,0.0,0.0,0.0,0,5004,-2.91,-4.00
123863,-2.81,-2.80,2.00,0.0,0.0,0.0,0,5004,-2.96,-4.10
123883,-3.05,-2.82,1.85,0.0,0.0,0.0,0,5000,-2.83,-4.02
123904,-2.66,-2.81,1.83,0.0,0.0,0.0,0,5004,-2.81,-3.97
123924,-2.73,-2.80,1.90,0.0,0.0,0.0,0,5000,-2.96,-4.14
123944,-2.88,-2.81,1.79,0.0,0.0,0.0,0,5004,-2.87,-4.12
123966,-2.96,-2.82,1.85,0.0,0.0,0.0,0,5000,-2.83,-4.14
123986,-2.84,-2.82,1.83,0.0,0.0,0.0,0,5004,-2.98,-4.12
124007,-2.78,-2.83,1.83,0.0,0.0,0.0,0,5000,-2.96,-4.04
124027,-2.84,-2.82,1.88,0.0,0.0,0.0,0,5000,-2.75,-3.95
124048,-2.91,-2.83,1.79,0.0,0.0,0.0,0,5000,-2.83,-4.16
124068,-2.61,-2.82,1.96,0.0,0.0,0.0,0,5004,-2.87,-4.06
124089,-2.82,-2.82,1.79,0.0,0.0,0.0,0,5004,-2.89,-4.08
124109,-2.76,-2.82,1.81,0.0,0.0,0.0,0,5000,-2.89,-4.08
124130,-2.79,-2.82,1.81,0.0,0.0,0.0,0,5000,-2.89,-4.06
124150,-2.74,-2.82,1.77,0.0,0.0,0.0,0,5004,-2.83,-4.12
124171,-2.73,-2.81,1.88,0.0,0.0,0.0,0,5000,-2.87,-4.12
124191,-2.77,-2.81,1.79,0.0,0.0,0.0,0,5000,-2.87,-4.14
124212,-2.71,-2.81,1.83,0.0,0.0,0.0,0,5004,-3.02,-4.10
124233,-2.84,-2.81,1.81,0.0,0.0,0.0,0,5000,-2.83,-4.12
124254,-2.97,-2.81,2.04,0.0,0.0,0.0,0,5000,-2.89,-4.08
124274,-3.07,-2.82,1.75,0.0,0.0,0.0,0,5000,-2.91,-3.95
124295,-2.65,-2.82,1.77,0.0,0.0,0.0,0,5004,-2.83,-4.00
124315,-2.89,-2.82,1.73,0.0,0.0,0.0,0,5004,-2.91,-4.08
124336,-2.92,-2.82,1.83,0.0,0.0,0.0,0,5000,-2.87,-4.16
124356,-2.79,-2.82,1.83,0.0,0.0,0.0,0,5000,-2.91,-4.06
124377,-2.88,-2.82,1.81,0.0,0.0,0.0,0,5000,-2.87,-4.02
124397,-2.61,-2.82,1.83,0.0,0.0,0.0,0,5000,-2.89,-4.08
124418,-2.74,-2.81,1.73,0.0,0.0,0.0,0,5000,-2.94,-3.97
124438,-2.69,-2.81,1.85,0.0,0.0,0.0,0,5004,-2.96,-4.12
124459,-2.76,-2.80,1.77,0.0,0.0,0.0,0,5000,-2.85,-4.12
124479,-2.76,-2.79,1.88,0.0,0.0,0.0,0,5004,-2.91,-4.02
124500,-2.80,-2.80,1.85,0.0,0.0,0.0,0,5000,-2.94,-4.04
124521,-2.75,-2.79,1.79,0.0,0.0,0.0,0,5000,-2.91,-3.97
124541,-3.04,-2.80,1.81,0.0,0.0,0.0,0,5004,-2.91,-4.12
124562,-2.73,-2.80,1.81,0.0,0.0,0.0,0,5004,-2.87,-4.04
124582,-2.96,-2.81,1.94,0.0,0.0,0.0,0,5000,-3.00,-4.12
124603,-2.78,-2.80,1.88,0.0,0.0,0.0,0,5004,-2.89,-4.10
124623,-2.91,-2.81,1.85,0.0,0.0,0.0,0,5004,-2.83,-4.02
124644,-2.92,-2.82,1.88,0.0,0.0,0.0,0,5000,-2.89,-4.04
124664,-2.84,-2.83,1.73,0.0,0.0,0.0,0,5000,-2.94,-4.10
124685,-2.66,-2.81,1.90,0.0,0.0,0.0,0,5004,-2.77,-4.04
124705,-3.01,-2.81,1.83,0.0,0.0,0.0,0,5000,-2.96,-4.08
124726,-2.92,-2.82,1.85,0.0,0.0,0.0,0,5004,-2.81,-4.10
124746,-3.03,-2.83,1.81,0.0,0.0,0.0,0,5000,-2.87,-4.06
124767,-2.70,-2.82,1.85,0.0,0.0,0.0,0,5000,-2.81,-4.06
124788,-2.84,-2.82,1.90,0.0,0.0,0.0,0,5000,-2.89,-4.08
124809,-2.97,-2.82,1.81,0.0,0.0,0.0,0,5004,-2.79,-4.02
124829,-2.65,-2.82,1.83,0.0,0.0,0.0,0,5004,-2.94,-4.04
124850,-2.47,-2.80,1.92,0.0,0.0,0.0,0,5004,-2.85,-4.02
124870,-2.70,-2.80,1.81,0.0,0.0,0.0,0,5004,-2.81,-4.10
124891,-2.83,-2.81,1.69,0.0,0.0,0.0,0,5000,-2.89,-4.14
124911,-2.85,-2.81,1.88,0.0,0.0,0.0,0,5004,-2.81,-4.04
124932,-2.79,-2.81,1.85,0.0,0.0,0.0,0,5000,-2.79,-4.00
124952,-2.82,-2.81,1.85,0.0,0.0,0.0,0,5004,-2.83,-3.97
124973,-2.70,-2.81,1.79,0.0,0.0,0.0,0,5004,-2.91,-4.04
124993,-2.76,-2.81,1.83,0.0,0.0,0.0,0,5000,-2.89,-4.08
125014,-2.75,-2.81,1.90,0.0,0.0,0.0,0,5000,-2.94,-4.12
125034,-2.80,-2.81,1.81,0.0,0.0,0.0,0,5004,-2.89,-4.10
125056,-2.89,-2.81,1.85,0.0,0.0,0.0,0,5000,-2.94,-4.02
125076,-2.80,-2.81,1.77,0.0,0.0,0.0,0,5000,-2.83,-4.04
125096,-2.86,-2.81,1.83,0.0,0.0,0.0,0,5004,-2.87,-3.97
125117,-2.71,-2.81,1.92,0.0,0.0,0.0,0,5004,-2.87,-4.06
125137,-2.70,-2.81,1.85,0.0,0.0,0.0,0,5000,-2.94,-4.02
125158,-2.76,-2.81,1.85,0.0,0.0,0.0,0,5000,-2.89,-4.06
125178,-2.98,-2.82,1.85,0.0,0.0,0.0,0,5000,-2.91,-3.97
125199,-2.73,-2.82,1.85,0.0,0.0,0.0,0,5004,-3.04,-4.00
125219,-2.91,-2.82,1.77,0.0,0.0,0.0,0,5004,-2.87,-4.12
125240,-2.78,-2.82,1.88,0.0,0.0,0.0,0,5004,-2.89,-4.06
125260,-2.70,-2.82,1.81,0.0,0.0,0.0,0,5000,-2.83,-4.02
125281,-2.62,-2.82,1.81,0.0,0.0,0.0,0,5004,-2.79,-4.08
125301,-2.66,-2.81,1.85,0.0,0.0,0.0,0,5004,-2.87,-4.04
125323,-2.85,-2.80,1.79,0.0,0.0,0.0,0,5004,-2.81,-4.06
125343,-3.00,-2.82,1.83,0.0,0.0,0.0,0,5004,-3.00,-3.97
125364,-2.67,-2.82,1.79,0.0,0.0,0.0,0,5000,-2.81,-3.97
125384,-2.77,-2.81,1.85,0.0,0.0,0.0,0,5000,-2.79,-4.10
125405,-2.68,-2.81,1.81,0.0,0.0,0.0,0,5000,-2.85,-4.04
125425,-2.65,-2.80,1.81,0.0,0.0,0.0,0,5004,-2.98,-3.97
125446,-2.68,-2.80,1.94,0.0,0.0,0.0,0,5004,-2.81,-4.06
125466,-2.81,-2.80,1.83,0.0,0.0,0.0,0,5004,-2.96,-4.04
125487,-2.76,-2.80,1.83,0.0,0.0,0.0,0,5004,-2.85,-4.06
125507,-2.98,-2.80,1.88,0.0,0.0,0.0,0,5000,-2.87,-4.06
125528,-2.83,-2.82,1.85,0.0,0.0,0.0,0,5000,-2.91,-4.14
125548,-2.89,-2.82,1.71,0.0,0.0,0.0,0,5004,-3.00,-3.97
125569,-2.67,-2.82,1.79,0.0,0.0,0.0,0,5004,-2.85,-4.06
125589,-2.74,-2.81,1.79,0.0,0.0,0.0,0,5004,-2.89,-4.08
125609,-2.93,-2.81,1.81,0.0,0.0,0.0,0,5000,-2.85,-4.02
125631,-2.84,-2.82,1.90,0.0,0.0,0.0,0,5000,-2.94,-4.08
125651,-2.85,-2.81,1.94,0.0,0.0,0.0,0,5000,-2.89,-4.06
125672,-2.87,-2.82,1.92,0.0,0.0,0.0,0,5000,-2.89,-4.00
125692,-2.90,-2.82,1.96,0.0,0.0,0.0,0,5004,-2.91,-4.08
125713,-2.84,-2.82,1.77,0.0,0.0,0.0,0,5000,-2.79,-4.12
125733,-2.70,-2.81,1.81,0.0,0.0,0.0,0,5004,-2.89,-4.08
125754,-2.77,-2.81,1.79,0.0,0.0,0.0,0,5004,-2.85,-4.04
125774,-2.92,-2.81,1.73,0.0,0.0,0.0,0,5004,-2.94,-4.18
125795,-2.92,-2.81,1.88,0.0,0.0,0.0,0,5000,-2.85,-4.00
125815,-2.85,-2.81,1.75,0.0,0.0,0.0,0,5004,-2.81,-4.10
125836,-2.73,-2.81,1.83,0.0,0.0,0.0,0,5004,-2.81,-3.97
125856,-2.92,-2.80,1.81,0.0,0.0,0.0,0,5000,-2.79,-4.16
125877,-2.89,-2.80,1.77,0.0,0.0,0.0,0,5000,-2.89,-4.02
125898,-2.81,-2.81,1.90,0.0,0.0,0.0,0,5004,-2.83,-4.08
125919,-2.59,-2.80,1.85,0.0,0.0,0.0,0,5000,-2.94,-4.08
125939,-2.76,-2.81,1.79,0.0,0.0,0.0,0,5000,-2.79,-4.10
125960,-2.84,-2.81,1.88,0.0,0.0,0.0,0,5004,-2.94,-4.02
125980,-2.87,-2.81,1.75,0.0,0.0,0.0,0,5004,-2.91,-4.04
126001,-2.68,-2.80,1.77,0.0,0.0,0.0,0,5000,-3.00,-4.04
126021,-2.73,-2.80,1.77,0.0,0.0,0.0,0,5000,-2.96,-4.08
126042,-2.77,-2.79,1.77,0.0,0.0,0.0,0,5004,-2.87,-4.08
126062,-2.68,-2.79,1.83,0.0,0.0,0.0,0,5000,-2.83,-4.12
126083,-2.86,-2.79,1.83,0.0,0.0,0.0,0,5004,-2.79,-4.06
126103,-2.97,-2.79,1.77,0.0,0.0,0.0,0,5004,-2.94,-4.08
126124,-2.87,-2.79,1.81,0.0,0.0,0.0,0,5000,-2.89,-4.08
126144,-2.90,-2.79,1.75,0.0,0.0,0.0,0,5000,-2.79,-4.12
126166,-2.65,-2.78,1.83,0.0,0.0,0.0,0,5000,-2.85,-4.16
126186,-2.80,-2.79,1.85,0.0,0.0,0.0,0,5004,-2.91,-4.24
126206,-2.82,-2.79,1.90,0.0,0.0,0.0,0,5000,-2.87,-4.02
126227,-2.84,-2.80,1.88,0.0,0.0,0.0,0,5004,-2.87,-3.97
126247,-2.81,-2.79,1.83,0.0,0.0,0.0,0,5008,-2.85,-4.02
126268,-2.79,-2.79,1.85,0.0,0.0,0.0,0,5004,-2.98,-4.08
126288,-2.85,-2.79,1.85,0.0,0.0,0.0,0,5004,-2.94,-3.93
126309,-2.76,-2.78,1.77,0.0,0.0,0.0,0,5000,-2.85,-4.04
126329,-2.88,-2.79,1.77,0.0,0.0,0.0,0,5004,-2.83,-3.97
126350,-2.76,-2.80,1.92,0.0,0.0,0.0,0,5000,-2.87,-4.14
126370,-2.87,-2.79,1.85,0.0,0.0,0.0,0,5000,-2.96,-4.02
126391,-2.78,-2.79,1.90,0.0,0.0,0.0,0,5000,-2.81,-4.08
126411,-2.74,-2.79,1.77,0.0,0.0,0.0,0,5004,-2.94,-4.04
126433,-2.56,-2.78,1.81,0.0,0.0,0.0,0,5000,-2.87,-4.08
126453,-2.87,-2.78,1.83,0.0,0.0,0.0,0,5000,-3.00,-4.02
126474,-2.76,-2.78,1.92,0.0,0.0,0.0,0,5004,-2.77,-4.08
126494,-3.02,-2.80,1.79,0.0,0.0,0.0,0,5000,-2.79,-3.97
126515,-2.74,-2.79,1.98,0.0,0.0,0.0,0,5000,-2.83,-4.06
126535,-2.73,-2.79,1.79,0.0,0.0,0.0,0,5000,-2.91,-4.08
126556,-2.88,-2.79,1.83,0.0,0.0,0.0,0,5004,-2.85,-4.16
126576,-2.84,-2.79,1.90,0.0,0.0,0.0,0,5000,-2.89,-4.06
126597,-2.87,-2.79,1.85,0.0,0.0,0.0,0,5000,-2.81,-4.00
126617,-2.83,-2.79,1.79,0.0,0.0,0.0,0,5000,-2.91,-4.10
126638,-2.79,-2.79,1.75,0.0,0.0,0.0,0,5000,-2.87,-4.04
